1.51762	1.58136
1.37651	1.79484
1.81553	1.8527
1.31917	1.87413
1.04023	0.947008
2.4334	1.02207
1.82656	1.79693
1.05849	0.801833
0.926426	1.06191
1.15925	1.33864
1.63372	1.84451
1.39069	1.4923
1.73788	1.02764
0.955906	1.11328
1.72102	0.906501
1.5682	1.32732
1.84136	1.4499
0.978328	0.914809
1.17595	1.24246
1.60562	1.68012
0.954474	1.1134
2.42561	1.03604
1.51857	1.1224
1.60342	1.05415
1.44843	1.42165
1.88697	1.03932
0.940309	1.02883
0.92902	0.892256
1.59464	1.1718
1.29244	1.61074
0.87411	1.07784
1.07959	0.641143
0.855648	1.19742
1.77469	0.810735
1.0392	0.865933
1.04687	1.24573
1.82027	1.0313
1.66191	0.793858
0.860186	1.28923
2.19764	0.902654
1.06281	0.819717
1.53487	1.59948
2.2022	0.971884
1.4852	1.28388
1.4108	1.23637
0.968226	1.03707
1.39016	1.15682
1.28921	0.985061
1.24964	1.53628
2.34944	0.908462
2.06652	0.876843
1.43476	1.23318
1.71508	0.853183
1.31944	1.48927
2.03678	0.85377
1.65517	1.76566
1.35482	1.79441
1.8771	1.06286
1.24318	1.38037
1.43607	1.47833
1.47016	1.46874
1.04151	1.06545
0.892424	1.1334
1.87677	0.86969
2.23761	0.946358
1.51403	1.26255
0.957437	0.874906
1.34581	0.96387
0.897552	1.25148
2.34691	1.16191
1.43638	1.39058
0.944593	1.10005
2.22186	0.921044
1.55066	1.58963
1.49028	1.67262
2.20462	0.928839
0.929387	1.31647
1.58564	1.41835
1.60033	0.946941
1.23456	1.33372
1.74219	1.73538
1.42904	1.52553
0.989688	1.07229
1.92147	0.993717
1.81922	0.955959
0.947482	0.990756
0.943757	0.706016
1.07092	0.512028
1.18902	0.774913
1.03563	0.968566
2.21166	1.00265
1.35712	1.74658
1.57108	0.989938
1.97936	0.971168
1.65428	1.68966
0.892005	0.876266
1.65836	1.56179
2.3209	0.936905
2.06577	0.8876
1.41494	1.67163
0.947674	1.20966
1.98606	0.937008
1.79877	1.16289
2.06216	1.02923
1.41717	1.63671
2.11657	0.903192
1.55213	1.26167
1.88476	0.845334
1.68242	1.79964
0.894025	1.10775
1.20093	1.42217
1.81097	1.67929
2.09151	0.967945
0.899092	1.0414
1.05766	0.621747
1.04085	1.00019
1.08727	1.17473
1.36542	1.51776
2.01015	0.822135
1.36726	1.50464
1.32957	1.69674
2.02088	1.0427
1.59259	1.44084
2.28832	1.07593
1.73226	0.910129
1.64212	1.51308
1.6754	1.59115
1.73871	0.869187
0.924622	1.66421
0.910918	0.938961
1.80215	1.84881
1.91218	1.0905
0.87665	0.890406
1.48605	1.64152
1.02717	0.868388
1.09489	1.23454
0.918487	1.23951
1.96295	0.87732
0.982214	1.32734
1.61188	1.65251
0.963499	1.00019
0.986364	0.677712
0.899983	0.745823
2.18073	1.05879
1.91992	0.914929
1.07325	1.87578
1.68646	1.35903
1.43153	1.49896
1.06325	0.987819
1.70604	1.48791
1.07808	1.2863
2.25302	0.938327
0.936236	1.01513
1.6003	1.5006
1.03722	1.49679
1.32007	1.6106
0.86546	0.969475
1.92802	0.973971
1.09719	0.955609
1.04456	1.33935
1.79121	0.948338
1.34875	1.36263
1.61682	1.68689
1.95097	0.973089
1.55998	1.49275
1.62386	1.09312
2.1069	1.02765
1.52582	1.48165
2.09446	1.0999
1.85579	1.13494
1.59615	1.03396
0.972096	0.920669
1.7448	1.11138
1.30038	1.58116
0.901649	1.17361
1.25939	1.80869
1.72271	1.14585
1.74607	1.4494
1.42831	1.64359
1.00145	0.767413
1.07945	1.00485
1.42126	1.63907
2.29717	1.11
1.11375	1.12413
2.27746	0.937309
1.65295	1.46872
1.25996	1.50914
1.50106	1.16796
2.20798	0.929044
1.50344	1.63403
1.61475	1.03819
0.994094	1.20756
1.9935	1.06008
1.84196	1.08619
1.79984	0.946271
1.68894	0.997003
1.61168	1.64024
1.03664	1.0759
1.43361	0.929751
1.08273	0.940894
1.41211	1.20121
1.1827	0.871019
1.7424	1.02317
1.97195	0.735958
2.10415	1.40707
1.76704	0.969663
1.07536	0.778099
2.50049	1.0774
1.03932	1.08138
1.04876	0.19064
2.40947	1.00175
1.75621	0.839595
1.22809	1.76895
2.46149	0.928266
2.05359	0.876321
0.941463	1.25294
1.89024	0.846668
1.63943	1.64694
2.20396	0.817983
1.88734	1.01507
1.08415	0.545434
1.49516	1.32222
2.07525	1.03988
1.01415	0.954179
1.07047	1.23112
1.4959	0.895301
1.53349	1.52711
1.04624	0.710159
1.0688	1.05918
0.979483	1.14407
1.56955	1.41297
0.909451	1.10432
1.94642	0.989997
1.63203	0.975506
1.0769	0.843613
1.25371	1.07509
1.43331	1.85085
1.66019	1.7321
1.09842	0.880591
1.85681	0.984957
0.960672	1.2426
1.01608	1.53949
1.82547	0.98241
0.970537	0.80824
1.27199	1.55073
2.24164	0.99302
1.91009	1.17877
1.49386	1.92807
1.00225	1.03561
1.89437	1.08952
1.50393	1.33863
0.983416	0.793789
1.80924	1.02971
1.52868	1.23562
1.3224	1.72804
1.70579	1.45371
1.06256	0.827881
1.13165	0.79001
1.58667	1.82723
1.41887	1.29164
2.12734	1.10932
0.841426	0.924026
1.84727	1.04783
1.61489	1.64591
0.828067	0.682104
1.4469	1.63631
1.87807	0.838572
2.30897	0.868064
1.21612	1.19398
1.62283	1.57554
1.64951	0.987395
0.813897	1.64273
1.04206	0.462512
0.918334	0.887719
1.92169	0.978846
1.9647	0.896105
0.905343	0.666033
1.08251	1.14228
1.77179	0.997798
1.66017	1.04338
1.78377	1.04501
1.57838	1.56078
1.01397	1.26076
2.04276	1.21368
2.21437	1.08708
0.726521	1.29776
1.37075	1.52517
1.07062	1.22553
0.912402	1.02455
2.60256	0.956456
1.56998	1.71482
1.87031	0.979598
1.72451	1.32324
1.69075	1.33942
1.6553	1.28002
0.985211	1.06924
1.72662	1.37805
1.84547	1.65487
1.65097	1.03016
0.931114	0.951719
1.98579	1.239
2.03496	0.991412
1.43408	1.47728
1.43387	1.72725
0.857816	0.621223
1.42807	0.855195
1.05986	0.590978
2.34201	0.968815
0.787761	0.894032
1.69116	0.981605
1.48763	1.5822
2.13529	0.875517
1.07944	0.89061
1.42999	0.952963
1.69656	0.996193
1.3452	1.41973
1.44519	1.55013
1.64115	1.6032
1.40508	1.46818
2.15332	0.935814
0.909776	1.20785
1.74978	1.46237
1.06223	0.882072
2.02736	1.13004
1.60668	1.68102
1.94845	1.08644
2.07998	0.832363
1.54064	1.41839
1.02412	0.910601
0.743244	1.15944
1.65537	1.30795
2.07553	0.974961
1.73107	1.54867
1.11565	1.54046
2.11227	0.897149
2.12824	1.09255
2.22941	0.780871
1.98455	0.951568
1.02116	1.1385
1.77931	1.07524
2.02941	0.909043
1.69003	0.94693
0.923577	1.16059
1.6551	1.39134
1.05609	1.32504
0.972258	0.802366
0.872277	1.14854
1.2731	2.07257
1.00734	1.17589
1.33549	0.943034
1.63478	1.4879
1.16069	1.14184
2.0354	1.08077
1.53647	1.88107
1.8213	1.53674
1.10521	0.544815
0.946943	0.39587
1.02995	1.27568
1.92464	0.918902
0.903256	1.34748
2.17211	0.856959
1.5717	0.98762
1.22397	1.184
2.01956	0.580103
2.17206	0.907261
1.54574	1.23522
1.4119	1.03873
0.963776	0.969668
0.999115	1.11474
1.88281	1.05724
1.97141	0.962746
2.11711	0.954001
2.00784	0.940162
1.59265	0.932741
1.47103	1.61844
1.62198	1.42103
0.781973	0.486892
2.16716	0.966206
1.43683	1.92836
1.94291	1.01658
2.10389	0.960745
2.27178	1.1857
1.4352	1.54439
1.73967	0.864314
0.88272	0.911564
1.00289	1.56318
0.901928	0.97967
1.7265	1.40658
1.92154	0.84705
1.92342	0.965318
1.47146	1.56026
2.16103	1.10328
1.66113	1.01094
1.42811	1.07185
1.60321	1.28066
1.61087	1.59985
0.983243	0.743207
1.0612	1.01679
1.50072	1.52314
1.08363	0.597676
1.67967	1.83391
1.3737	1.22562
1.21259	0.632588
0.986206	0.783392
2.03781	1.11072
1.52525	1.55484
0.927188	1.32906
1.51754	1.40788
2.18357	0.89474
1.60856	1.38597
1.52649	1.2261
1.20483	1.57101
0.865383	0.634719
1.135	1.37883
1.72128	1.64985
1.11478	1.2791
2.11881	0.770894
1.59849	1.79817
1.2569	1.48065
0.96932	1.49964
2.27285	0.95746
1.0498	1.54234
1.59661	1.44661
1.93138	0.994112
1.17744	1.22528
1.33402	1.35524
2.39299	0.922438
1.99847	1.106
1.92524	0.83964
1.63122	1.06126
1.93086	0.920133
2.31623	0.965705
1.77265	0.918043
1.30501	0.977988
1.25761	1.4224
0.847238	0.556898
1.16252	1.71009
0.958557	0.914585
1.70248	1.19745
0.939675	0.993067
1.74634	0.889238
1.49373	1.68298
1.66904	0.871482
2.40622	1.02086
0.843615	0.595644
1.43324	1.61802
1.49797	1.01376
0.829003	0.931243
1.41968	1.57348
1.66003	1.74758
1.49246	1.56697
1.79818	1.16858
1.47249	0.900761
0.889869	1.64435
1.20742	1.76147
0.893325	1.11987
1.62802	0.993677
2.25361	1.01693
0.979565	1.13888
1.07954	1.35655
1.66322	1.45187
1.10854	1.50176
1.02941	0.824254
1.36079	1.40139
2.64734	0.847882
1.28699	1.37599
1.59164	1.40803
1.01725	0.969142
2.36554	1.1787
1.52068	1.04365
1.51194	1.27692
1.56223	1.88797
1.53081	1.91091
2.27791	1.05598
1.89895	0.963717
2.12104	1.03656
2.01053	1.03247
1.61635	1.59004
0.919457	0.588987
1.01911	1.28657
0.90634	0.787945
0.932204	1.32141
1.32434	1.92932
1.06994	0.530388
1.62846	1.68226
1.24728	1.81911
1.41374	1.59273
1.066	0.661461
0.874188	0.648723
1.65151	1.24287
1.50219	1.54919
1.07004	1.46887
1.79799	1.04144
1.49955	1.26849
1.08266	1.22829
1.03157	1.18251
0.866545	0.741538
1.74849	1.58161
2.25269	0.840455
1.25415	1.45772
1.31652	1.38498
1.10722	0.631045
1.91668	1.00038
1.88538	0.902457
1.21117	0.920181
1.4477	1.7886
0.924714	0.910673
1.59132	1.72066
1.35418	1.77187
1.88229	1.71332
1.2539	1.46719
2.18378	0.995696
2.12626	0.916634
1.07832	1.14002
2.30284	0.988404
2.1671	1.19912
0.863598	0.23215
1.44732	0.889129
1.17592	1.13489
1.10283	0.760299
1.99361	1.55484
1.60663	1.60309
1.47292	1.57667
2.08314	1.01976
1.16542	1.58743
1.08703	0.885332
1.06223	1.14918
1.02373	1.31304
1.54059	1.61623
1.44316	1.7936
1.89478	1.09629
1.88411	0.886934
1.97227	0.938745
1.29446	1.01243
0.943686	0.955763
0.854394	1.16193
1.10606	1.01621
0.988302	1.6889
1.49424	1.38566
1.00452	0.979159
2.08534	0.91219
1.25956	1.34936
1.39928	1.0219
1.01799	1.6058
1.58573	1.26412
1.91485	0.869962
1.6351	1.25101
1.89673	1.52073
1.43881	1.62384
1.15711	1.20743
2.12235	0.95938
1.56087	1.47731
1.1049	0.966709
1.9053	1.10095
2.67502	1.19524
1.60447	1.79292
1.34842	1.60347
1.50627	0.861778
1.70084	1.72614
0.968722	1.32608
0.967144	0.649905
1.54806	1.43704
0.934984	0.567678
1.05477	1.07864
1.01862	0.720984
1.08509	0.970174
0.837458	0.795043
1.02193	1.13607
1.69737	0.867425
1.59976	1.12071
1.07965	1.51258
0.974408	1.65818
1.61149	1.60154
0.972813	1.01384
1.81948	0.939827
1.02966	1.22413
1.07328	1.26346
0.98945	0.87098
1.51432	1.41245
1.47812	1.68882
0.985755	0.92072
1.56148	1.98034
1.31291	1.4622
1.49113	1.66903
0.908272	1.23023
1.68664	1.39145
2.25732	0.869193
2.45275	0.962901
0.972992	1.74892
2.36919	0.980662
1.37199	1.76384
1.03594	0.648606
1.14684	1.0089
1.15677	0.984929
1.84193	0.877997
1.57254	1.82715
2.29694	0.887768
1.07447	1.02824
1.95216	1.18555
0.983958	1.01384
1.526	1.31574
0.937748	0.753996
1.54428	1.60537
1.66479	1.74578
1.83768	1.09329
1.70269	1.79801
1.70005	1.12638
1.10021	1.43264
2.09997	0.9556
1.03468	0.822667
1.19387	1.41249
1.56707	1.54841
2.42233	1.07266
0.934578	1.2644
2.05558	0.97151
0.923776	0.553942
1.126	0.719706
1.55062	1.21571
1.80961	0.850119
1.21468	1.39428
1.38892	1.06446
0.98737	1.22311
1.20583	0.818263
1.7216	0.987157
1.16882	0.478199
1.90711	1.12723
0.927132	1.54789
1.94105	1.02647
1.73703	1.58059
1.49586	1.43965
2.16399	1.12572
1.0301	1.20826
0.831628	1.15209
2.25874	0.997387
1.73085	1.60349
1.89443	1.11526
0.873191	1.43057
1.22061	1.78036
2.39949	0.884136
1.32586	1.25436
1.32552	1.53985
1.88502	0.89388
2.23561	0.94199
1.22561	1.00576
1.73009	1.38751
1.43886	1.6349
2.26785	1.06748
1.88546	1.00794
1.38038	1.23352
1.80578	1.72343
1.13978	1.66809
2.07376	1.01954
1.13748	1.13632
2.1527	0.976619
1.09182	0.436652
1.90491	1.26295
1.78485	1.60697
1.22606	1.02183
1.24025	1.67764
1.44805	1.36868
1.70634	1.05863
1.03916	0.675609
0.961599	1.39216
1.13765	1.48596
1.37022	0.740508
2.251	1.18322
1.00243	0.854005
0.983253	0.839067
0.778962	0.924207
1.84194	1.03182
1.60752	1.50718
1.83496	1.4654
1.6796	0.930274
1.39131	1.41772
1.01999	1.37113
1.81063	1.50331
1.44922	1.59692
0.839207	1.48358
1.2233	0.761863
2.322	1.18358
0.854626	1.19857
1.57318	1.05779
0.879875	1.37682
0.949555	0.786236
1.33758	1.44075
1.66376	0.947573
0.876136	0.981963
1.01313	1.66881
2.07177	0.976518
1.54891	1.28932
1.66823	1.3954
0.969295	1.08962
1.07337	1.34469
1.11588	1.29865
1.3837	1.44386
1.1328	1.37226
2.22445	1.14936
1.23165	1.71906
0.924058	1.17571
0.951768	1.08157
2.12524	1.11977
2.22225	0.970903
1.52951	1.55926
1.88522	1.09874
1.68479	1.5003
1.36725	1.61855
0.939525	1.04134
1.0179	1.36933
1.91179	1.11084
1.09931	0.981675
0.805748	0.959144
0.799418	0.678849
1.77203	1.69287
1.51012	1.451
1.49704	1.28768
1.36367	1.71501
1.537	1.64414
1.33371	1.65755
1.23615	0.911118
1.40516	1.4684
2.0076	0.881805
1.28822	1.6067
1.71126	0.862804
0.905744	0.556395
1.16308	0.791285
0.871249	1.39352
1.07798	0.54568
0.989443	0.616485
1.01765	1.06488
1.61365	1.752
0.868328	1.18328
0.851369	0.58145
0.895936	0.621482
2.0048	0.930921
1.81753	1.36226
1.62716	1.56699
1.70134	0.89809
1.90722	0.895566
1.33655	1.382
0.851944	0.369589
1.7641	0.9123
1.78063	0.928315
1.05199	0.878184
1.04593	0.891988
1.19752	1.26906
1.06049	0.943146
1.63159	1.63649
1.75463	1.61188
1.8349	0.878876
1.61137	1.17919
1.31803	1.39008
1.40717	1.15706
2.1925	0.970753
1.1726	1.13493
1.84259	0.980103
0.975856	0.70693
1.27672	0.920042
1.95151	1.08141
2.15533	0.955293
0.970103	1.01648
1.73601	1.69582
1.68222	0.943783
2.33147	1.09997
0.936557	1.25124
2.60137	0.85587
1.59227	1.46272
1.77692	1.35689
1.60393	1.44599
1.41589	1.80528
1.82428	1.0502
1.60189	1.18538
2.42129	1.00376
0.812071	0.702413
1.5494	1.90399
1.2915	0.971913
2.2316	0.957686
1.68605	1.66122
2.45503	1.05171
1.45531	1.64611
2.20685	0.874896
1.03261	0.729345
1.4961	1.79013
2.00459	1.28216
1.83484	1.70685
1.19777	0.933597
1.99997	1.08181
1.91985	0.78563
1.02548	0.660027
1.01866	1.09819
1.44997	1.40728
1.74302	0.926679
1.58868	1.66553
1.40866	1.87048
0.880812	1.85838
2.21419	1.07457
1.63813	1.55897
1.92698	0.951179
2.32348	0.970179
1.99519	1.15502
1.45911	1.12535
0.678237	0.888393
1.49675	1.86083
0.952591	1.06305
2.09662	1.02492
1.10756	1.88527
1.01339	1.17218
1.03555	0.852282
1.22716	1.5125
1.99184	0.95255
1.03201	0.929739
1.38745	1.42005
1.40323	1.28792
0.988387	0.942196
0.937054	0.805832
1.50614	1.00599
1.38739	1.509
1.79729	0.93439
2.85557	1.1098
1.97486	1.13494
2.11509	1.08139
1.89455	0.994712
1.20036	1.20923
0.958829	1.00232
2.01266	0.908603
1.47173	1.77634
1.48457	0.961432
2.26337	0.967306
0.886656	1.32848
1.96195	1.00999
0.845671	1.53021
1.09963	1.50971
1.26159	1.49126
1.22206	1.37749
1.4705	0.882037
0.993142	0.771108
1.78143	1.04479
1.05452	0.863954
1.01921	1.36612
2.30519	1.01064
2.04159	0.855152
2.10233	0.951085
1.00406	0.8162
1.12419	1.03439
1.70926	1.73192
1.64189	1.68459
1.91501	1.02853
1.63114	1.48156
1.15606	1.56322
1.59102	1.45237
1.87216	1.13802
1.83546	0.780089
1.25039	1.46315
1.83852	0.944934
1.58179	1.5518
1.29243	1.55823
1.64532	1.09777
0.985077	0.873645
1.72298	1.03074
0.908389	0.485923
1.14863	1.24478
0.958795	0.808521
1.01317	1.01779
1.35267	1.46021
2.15659	0.67855
1.50219	1.48999
2.2819	0.856024
1.82784	1.48399
2.51523	0.85409
2.15752	0.828981
1.58389	1.64279
1.62254	1.36276
1.07741	1.475
1.03115	1.70454
1.1297	1.21495
1.79632	0.918284
2.01748	1.06589
1.04657	0.730376
1.00214	0.914361
2.62074	1.18179
1.32703	1.23822
2.08853	0.994101
0.954138	1.2184
0.928444	1.06951
1.84808	0.890708
0.922659	1.22222
2.25304	0.87821
0.848443	1.61575
0.942146	1.15906
1.75146	1.31869
0.944408	1.65703
1.32966	1.39804
0.880991	0.915915
1.02605	0.850234
2.12093	1.10753
1.04606	1.33091
0.952916	1.28645
0.913736	1.0915
2.12327	1.09327
2.27937	0.845208
1.19348	0.901609
2.22307	1.14904
2.3655	1.05476
1.00256	1.16584
0.953587	1.10118
1.34039	0.995804
1.27712	1.51483
1.52558	1.86647
1.58747	1.20633
1.73255	1.40378
0.998407	1.1738
0.848753	0.810046
1.00752	1.10111
1.09382	0.663257
1.04402	0.721707
1.78588	0.863208
2.22414	1.06889
1.6059	1.54136
1.695	1.80321
2.1121	1.05155
0.910007	1.27868
1.59962	1.52014
2.26675	1.06547
0.921989	1.07613
0.971543	1.3571
1.36582	1.63812
2.21613	1.02875
2.04554	0.938614
1.6631	1.42233
1.44786	1.69869
1.99681	1.10747
2.49223	0.999029
1.07936	0.431238
1.73911	1.49569
1.39415	1.2649
1.07092	1.67937
1.69676	1.02198
0.937268	1.63133
1.60036	1.07287
1.76479	1.26596
2.11605	0.97274
1.04464	0.705765
1.03119	1.28541
1.72077	1.18376
1.33088	1.21907
1.81064	1.26527
2.02729	1.14967
1.92496	0.985463
2.50982	1.26413
0.926863	1.07119
0.98129	0.944802
1.14668	0.422102
1.46205	1.36899
1.68348	1.32562
1.43523	1.27275
1.40928	1.45014
1.52994	0.923363
1.12	1.3926
1.04034	0.943951
1.63893	1.6302
1.14606	1.22232
1.49938	1.25504
0.89596	0.68821
2.08129	0.900995
2.14457	0.972193
1.60843	1.57288
2.03731	1.0264
0.899672	1.16341
1.77244	0.976016
1.93138	0.955777
2.7545	0.887264
1.36749	1.50137
1.44571	1.49609
1.48697	1.58155
2.22838	0.875658
1.68474	2.09084
1.47933	1.95295
1.54475	1.33444
1.67932	1.1244
1.04669	0.73135
0.946421	1.20255
2.3893	1.18459
1.07041	1.16138
2.00609	0.980416
0.735267	1.1823
1.88331	0.927541
0.994889	1.27837
1.06351	0.663549
1.04171	0.929658
0.950515	0.581817
1.01828	1.141
1.22035	1.04484
2.40973	1.02609
1.02857	0.962949
1.19264	1.01442
1.20861	1.47847
2.57199	0.937813
1.51412	1.42765
1.93257	0.988037
1.41212	1.31675
1.69033	0.942452
1.58415	1.7095
1.85459	1.11453
1.58746	1.0235
2.13195	1.03314
2.06487	1.05057
1.50166	0.840163
2.15596	1.04102
2.15569	0.990075
1.19949	0.595958
1.01977	0.819675
1.67172	1.25686
1.00717	0.913183
0.756027	1.03076
1.70482	1.02122
1.80437	1.59262
2.0288	1.31957
0.967964	0.407418
1.66854	1.34454
1.89121	0.975135
1.50616	1.40316
1.87452	1.02581
2.10341	0.932024
2.18932	1.02156
0.944868	0.806173
2.6982	0.973376
1.35195	1.09682
2.03641	0.954488
2.22575	0.948701
1.85641	1.14479
1.83689	0.979461
1.59671	1.68119
0.96828	1.44132
0.918277	0.856688
2.1224	0.899632
0.85766	0.878457
1.02271	0.623629
2.22488	1.17526
1.49119	1.08958
1.43666	1.72196
1.88026	1.06422
1.05849	1.11091
0.974805	1.1739
1.62624	0.818892
2.53075	0.984903
1.79693	1.62054
1.62291	1.43132
1.46404	1.1917
1.83143	1.07487
1.84961	1.09834
1.15277	1.51978
1.65774	1.00962
1.48402	1.61906
2.29962	1.05361
1.61253	1.13209
1.24674	1.45481
1.83097	1.62687
1.4709	1.4304
1.75345	1.53151
1.13938	1.02726
1.04843	1.07534
1.01866	0.596611
2.35717	0.913309
1.15834	1.16985
1.18489	0.446728
1.9849	0.896407
1.67578	1.60055
0.998817	0.977647
2.15651	1.1023
1.80468	1.05451
0.867221	0.752462
2.11783	1.02028
1.73273	1.28245
1.81607	1.83467
1.8989	1.12632
1.03658	1.6772
2.09049	0.893794
1.06111	0.854522
1.61304	1.63771
1.57696	1.5456
2.10022	0.922133
1.39287	1.67603
1.60189	1.64923
1.41394	1.58123
2.26097	1.01706
2.17072	0.863522
1.29361	1.50825
1.65322	1.14026
1.48523	1.52635
2.50521	1.09821
0.982576	1.03443
1.51819	1.49608
1.17931	1.17791
2.47218	0.93659
1.61636	1.44211
2.08099	1.00077
1.18296	0.723897
2.12465	0.99892
1.33222	1.73253
1.02869	0.863847
1.53929	1.14742
0.921524	1.21144
2.59992	0.931078
2.01895	0.964351
1.41813	1.55878
2.10809	0.976578
1.5178	0.905381
1.12995	0.825496
1.26416	1.5944
1.89381	1.61055
2.53228	0.84787
1.10373	1.09468
1.62019	1.24451
1.45454	1.41475
0.918498	1.0717
2.51127	0.845869
1.09553	0.934391
1.48442	1.56012
1.82081	1.92136
2.18323	0.817447
1.10996	1.09202
0.830992	1.18288
1.91789	1.47233
1.0573	0.950285
2.47807	0.854409
1.46811	1.59394
2.29266	0.965112
1.51762	1.54459
1.27861	1.69865
0.987062	0.981373
1.50564	1.51719
1.01053	0.756774
0.944586	1.31359
1.93389	1.09023
1.44097	1.23391
1.60228	1.80479
1.46312	1.75647
1.54979	1.51584
1.54938	0.997301
0.987849	1.28928
1.02029	1.07045
1.77365	0.99042
1.59745	1.05795
0.983763	1.242
1.14601	1.50392
1.56942	0.774855
1	0.424517
1.05013	0.797053
1.3786	1.37084
1.46575	1.68211
1.46668	1.38027
1.54399	1.817
1.57523	1.82059
2.19074	0.821077
1.6747	0.872744
1.91419	1.6102
1.99531	0.940877
1.38461	1.69607
2.1517	1.04235
1.9477	1.1229
0.923492	1.15504
1.86423	0.954635
1.95395	1.0087
1.20379	1.71157
1.47463	1.59197
2.11859	1.10503
1.67856	1.94434
1.10884	1.49637
0.932342	0.996914
1.56346	1.60554
1.77677	0.963582
2.69936	0.862147
2.18294	1.00458
1.33358	1.2455
1.91293	1.09488
1.1603	0.901365
1.29101	1.42318
1.49829	0.966758
0.750639	1.42843
1.09177	1.11348
1.04676	1.41249
1.05911	0.980224
1.84021	1.4622
2.07376	1.07251
1.3797	0.87027
1.2875	1.42848
1.22937	1.35494
1.77025	0.967506
1.09218	1.37127
0.855293	1.12977
2.024	0.947215
1.64831	1.75817
0.962686	0.896787
0.794816	1.22167
1.75515	1.21229
2.16248	0.987914
1.59567	1.34116
2.26515	0.920442
2.0317	1.08186
1.8906	1.64444
1.46734	1.42852
0.958115	1.56991
0.844198	1.21322
0.974271	1.52252
2.20249	1.07905
1.51716	1.61477
0.843562	0.676251
0.963666	1.458
1.84739	1.23184
0.896449	0.826752
1.65806	1.13207
0.882	0.804638
1.7704	1.65918
1.97833	0.875777
2.31961	0.906219
1.52091	1.20845
0.975121	1.40279
2.49196	1.01625
2.25425	0.887643
1.90926	0.918909
1.36618	1.42065
1.55162	1.42878
1.19129	0.906548
1.00625	1.40716
1.93837	0.995797
1.71606	1.44248
0.972912	1.1388
0.804627	0.942762
1.61575	1.68854
1.65237	1.70884
1.76986	1.33008
1.04687	0.613222
1.92483	0.939544
1.10832	1.46568
0.968271	1.26655
1.92386	0.739535
1.66324	1.42322
1.91848	0.966666
1.29993	1.59213
1.35801	1.28585
1.74191	1.65983
1.54515	1.42287
1.07328	0.723768
2.24542	0.879759
1.08753	0.658285
1.62716	1.16391
0.897044	1.31398
0.928213	0.993186
1.37144	1.65597
2.36249	1.21405
1.66866	1.17276
2.48626	0.898326
2.02291	0.990643
0.964648	1.36764
1.9856	0.874743
1.02524	0.875286
1.80136	1.44006
1.70762	1.50593
1.65201	0.749246
1.03064	1.23281
1.86252	0.939858
2.09845	0.999597
1.6285	1.61592
1.02846	1.25572
1.56746	1.10522
1.77459	0.947398
0.995848	1.5858
1.90595	0.894307
0.823792	1.16881
1.43637	1.03805
0.973634	0.634378
2.13108	0.863183
1.79444	1.08338
1.33082	1.52487
1.05733	0.875567
2.32014	0.994213
1.26351	1.64901
2.10556	1.18927
1.02493	0.945938
0.908964	0.997204
0.993297	1.00209
1.61996	1.37441
1.88242	0.967666
1.41511	1.39175
1.92157	0.930171
2.37599	0.85931
0.836012	0.747272
1.36824	1.51323
1.87529	1.15487
1.07364	1.05933
1.83649	1.44195
0.996703	0.875065
0.988529	0.832474
1.03273	1.2402
1.96027	0.976004
1.38375	1.25255
1.91011	0.992382
2.40334	1.02993
2.33522	0.977406
1.60787	1.76945
1.81137	0.924876
1.01669	0.90569
1.05249	1.12913
1.97443	1.06168
1.01933	0.780527
0.810174	1.10847
2.30202	0.973378
2.07528	0.948755
0.852891	0.644259
1.10721	1.29591
1.0424	1.57943
1.94938	0.93543
1.79644	0.926377
1.53536	1.34221
1.0161	1.00539
1.06496	0.722351
1.99969	0.95893
2.63176	0.935035
1.52796	1.32219
1.28208	1.56062
1.0494	0.711821
0.901928	0.955474
1.58812	1.81627
1.7956	1.74897
1.14267	1.074
0.985581	1.4149
2.252	1.23644
1.51639	1.01787
1.29767	1.21464
1.37841	1.92589
2.23677	0.983817
0.919056	1.13567
0.942651	1.24426
1.97929	1.13888
1.70425	0.974871
1.06071	0.83934
1.09184	1.39309
2.13262	0.895218
1.49032	1.62736
1.62422	1.40673
1.06157	1.1704
1.35267	1.54759
1.85725	1.04122
1.96558	0.870077
2.06585	0.97466
1.98357	0.907347
1.10134	0.434808
1.04788	0.59775
1.22333	1.52716
1.02669	1.2469
1.48251	1.01917
2.04724	0.984274
1.24632	1.56301
1.97008	1.43861
1.04981	0.792283
1.09358	1.73433
1.14616	0.954833
1.89303	1.00071
1.09152	1.47233
2.69765	1.07193
1.00111	0.98788
1.53545	1.04071
0.964473	0.832427
1.31581	0.532019
1.75171	0.999923
1.35906	1.73399
1.06157	1.08694
0.976374	1.50246
2.18281	1.07355
1.45809	1.58832
0.904696	0.615032
0.841072	1.04375
1.52898	1.74262
1.6318	0.994572
0.953556	1.13817
1.05632	1.25294
1.53349	1.07888
1.52818	1.62437
0.866491	1.21412
2.05713	0.829941
1.04541	1.45157
1.94114	0.873374
0.89976	0.827162
1.38896	1.77316
0.920015	0.679885
1.11019	1.02015
1.25304	1.27953
1.899	0.949094
1.41077	1.45793
1.61122	1.57313
1.78413	0.946615
1.9795	1.09794
1.96903	1.01999
1.07806	1.30363
1.13554	0.73155
1.4853	1.24434
1.3083	1.17314
0.912569	1.01035
1.50987	1.33805
1.59369	1.60615
1.56832	1.64714
1.5674	1.59074
1.03189	1.533
1.2828	1.41861
0.941494	0.631616
2.22493	1.11384
1.72701	1.43819
1.7732	1.3437
2.45749	1.09794
1.29257	1.57866
1.18094	1.05428
1.46119	1.6501
1.39912	1.69492
2.34382	0.998982
2.08509	1.12357
0.996678	0.815844
2.06211	1.10179
1.36105	1.7642
0.910223	0.827021
1.84299	1.31626
1.48696	1.58811
0.903686	0.738581
0.901063	1.09211
2.13181	1.15694
1.79989	0.991764
1.15598	1.14306
0.982864	1.09811
1.09966	1.33994
2.06729	1.048
0.954445	0.936888
0.931451	1.14802
2.27678	0.933334
1.44419	1.55405
0.935054	1.44342
1.37718	0.995687
1.92268	1.02536
2.04588	1.06515
1.10426	1.1236
1.68411	0.846573
1.57762	1.26191
1.9331	0.807902
2.07263	1.62928
1.45019	1.28687
2.21421	0.989866
2.1432	1.06086
1.15304	1.97526
1.94198	0.943197
0.905429	1.07457
1.34738	1.57874
1.0997	0.85482
1.58556	1.66055
2.10961	0.755332
1.30228	1.38295
0.975863	0.810149
1.65022	1.43212
0.947674	0.940634
1.7031	1.39898
1.68228	1.00134
1.42891	1.5953
0.729673	0.68624
1.64833	1.49957
0.989408	1.01573
1.90905	1.55015
1.25052	1.20324
2.24029	1.05544
1.98611	1.11431
2.45347	1.02617
0.892319	0.832787
1.55	1.40801
1.1001	1.0593
0.983069	1.05318
0.913254	1.16701
0.958587	1.19834
1.59991	0.909092
1.01453	0.711175
1.84854	1.65245
1.1573	0.729942
1.59146	1.08619
2.03004	1.0764
1.68719	1.05998
1.26608	1.5949
1.75696	1.15523
1.88017	1.65174
1.61078	1.66245
1.53957	1.30683
1.04825	0.882934
1.574	1.05839
1.03102	0.697481
1.32058	1.63331
1.42081	1.16528
0.996734	0.89438
0.83745	0.811582
2.04858	0.897402
1.65551	1.36681
1.04206	0.758342
0.928855	1.2363
2.03382	1.06244
1.42485	1.07504
1.83743	1.7699
1.39189	1.74034
2.26159	1.03944
1.49092	1.14367
1.65186	1.55677
1.01273	0.295689
2.05488	0.842676
2.40798	1.07308
1.98047	0.873419
0.810782	1.25493
1.47555	1.61106
2.33244	0.962684
2.06898	1.52884
1.63846	1.77793
1.74135	0.941677
1.67865	1.79301
1.60507	1.42755
1.26894	1.0899
1.53874	0.965534
0.929802	1.66826
1.02403	1.43003
2.21602	0.878586
1.34652	1.44359
1.59711	1.43413
1.4489	1.67929
2.45815	0.934229
2.52991	1.09992
2.28096	1.04955
0.962152	1.092
0.862434	1.31897
1.54265	1.25801
1.54765	1.73906
1.08405	0.142355
0.786946	1.2729
2.38643	1.02628
1.66554	1.67467
1.94925	1.10882
1.60784	1.55104
1.02513	0.629586
2.61141	1.0593
1.14337	1.19753
2.06625	1.15341
0.917479	0.528821
1.21142	1.09799
1.63496	0.949889
1.50944	1.33751
1.04065	1.06943
1.19688	0.969848
0.995252	0.598452
2.23775	1.16837
1.68645	1.56052
0.966503	0.993964
2.05073	0.925493
2.10583	0.984196
0.980481	1.31121
1.55765	1.56846
2.54074	1.16379
1.30337	1.45794
1.29865	1.93086
1.07368	0.78109
1.34206	1.39465
1.425	0.954955
1.46853	1.90595
1.4555	1.53322
0.99326	0.85847
1.40955	1.12707
1.97407	1.71504
0.958009	0.390547
1.01487	0.753221
1.62219	0.92569
1.56155	1.54295
1.088	0.847207
0.983788	1.17931
1.08126	1.52569
1.39792	1.3667
1.7846	0.863441
1.23819	1.2831
2.04085	0.992182
0.72467	1.16794
1.53072	1.60428
1.74071	1.06877
0.94983	0.904583
0.939037	1.53087
1.51924	1.15543
1.43229	1.62819
0.928798	0.913477
1.85257	1.45802
1.42698	1.38241
0.763186	0.679861
0.993509	1.48179
2.24951	0.968182
1.10457	1.79918
0.975628	1.11267
1.49295	1.44588
1.3219	1.36906
1.08032	1.01955
1.97696	0.851011
1.48911	1.51333
1.39671	1.42384
2.20479	1.05664
1.05314	1.1543
1.49515	1.23134
1.32787	1.24641
1.09721	1.01465
1.21927	1.43901
1.01478	1.31678
1.89375	0.970394
0.935873	0.9092
1.47175	1.67219
1.03291	0.882333
1.01269	0.706933
1.44506	0.953432
0.959208	0.881509
1.42952	1.76392
2.0707	0.850134
1.62927	1.18018
2.07752	1.03941
1.51794	1.52577
1.58173	1.62851
2.01864	0.961626
1.93686	1.14286
1.0066	0.865808
1.32504	0.95883
1.95232	1.50251
0.912478	0.725227
1.88035	1.073
1.12251	1.62301
1.5988	1.22967
0.951659	1.3643
1.036	1.0788
1.0632	1.00728
0.972403	0.762536
1.03928	1.24752
2.39866	1.0491
2.13062	1.06506
1.03613	0.993028
0.926939	1.55004
1.33841	1.16079
1.93334	0.991991
1.09188	1.24766
1.55149	1.35949
1.94234	1.01282
2.02156	0.926763
1.34242	1.43871
1.79941	0.998053
1.91376	1.01081
1.68386	0.974401
0.982401	1.18621
1.63683	1.84552
1.65857	1.02561
1.80985	1.45243
2.12445	0.688228
2.03745	0.788115
1.29528	1.59242
1.05167	1.06341
1.33824	1.34194
1.26322	1.32704
1.37051	1.45719
1.68598	1.065
1.05813	0.857068
2.06431	0.870806
2.43008	0.833116
1.55634	0.988904
1.14765	1.42316
1.36251	1.44534
1.03897	1.15711
1.45426	1.59804
0.927155	0.361992
1.98292	0.938793
1.52435	1.7617
1.49685	1.33449
1.53693	0.975586
1.51997	1.72821
0.933098	0.913499
1.296	1.52928
1.03586	1.4925
1.02683	0.582618
0.804965	0.779963
1.50081	1.39338
1.57194	1.53689
1.5332	1.39504
1.08254	0.902815
2.03412	0.845156
1.52254	1.79384
1.81081	1.24597
1.07325	0.684105
2.20424	1.04954
2.18496	0.937936
1.36215	1.32398
1.04551	1.53317
1.47795	1.79871
0.991246	1.33115
2.00099	0.934411
1.01466	0.97172
2.40053	0.84352
1.02166	1.53855
1.38384	1.71844
0.941501	0.965699
0.875919	0.712627
1.99227	0.88346
0.98352	0.811508
2.15137	0.803687
2.55614	0.924613
1.71793	1.43668
2.1778	1.07575
1.83821	1.71352
1.05726	0.857748
0.849868	1.08799
1.03809	1.20877
1.61192	1.7511
0.816658	0.42847
1.87759	1.09795
2.2135	1.01024
0.942607	1.53466
1.07201	1.26434
1.55547	1.04287
2.39291	0.766731
2.31689	0.993847
0.962579	1.4131
2.72488	1.10966
2.21697	1.00202
2.0822	0.903545
2.19833	0.847459
0.924619	0.70329
0.840478	1.21048
0.876749	1.55083
2.2941	1.03354
1.03725	0.629778
1.70486	0.944057
1.5597	0.88101
1.64764	1.59684
1.68122	0.827496
1.59066	1.08365
1.17811	0.920453
0.972984	0.975803
1.35814	1.54835
1.82709	1.70789
1.61543	1.72952
1.08133	0.355017
1.62434	1.16082
2.13094	0.992739
0.877648	1.09861
1.06355	1.54144
1.12282	0.928366
2.71351	1.00899
1.21111	1.83787
2.25528	0.840579
2.03488	1.09168
1.97937	1.11374
1.20818	1.68997
1.88704	1.61665
1.10031	1.14971
1.56555	1.47189
1.67623	1.51575
1.99877	1.06864
1.68227	1.92977
1.07515	0.721768
1.19243	1.22683
1.32208	1.6662
0.903593	1.21565
1.58471	1.64269
1.07109	0.511856
1.49114	1.36117
0.894509	-0.00685413
1.0874	0.950526
0.863348	1.28536
1.58451	1.02184
1.04338	0.784172
2.28623	1.2178
1.13072	1.08982
1.59526	1.58014
1.88867	0.919939
2.16321	0.958122
1.40385	1.45128
2.71867	0.882851
1.60518	1.76328
0.849229	0.732196
1.95595	0.917618
1.4855	1.65044
1.04682	0.841461
1.4765	0.983169
2.33503	0.941221
1.59308	1.33389
1.87399	1.01167
1.93581	0.851967
1.66442	1.09751
1.6808	1.32096
1.84979	1.03764
1.59952	1.04117
2.07949	0.949512
1.02599	0.960607
1.35566	1.6111
2.45141	0.965663
1.3406	1.51852
1.14177	1.56284
1.80638	1.02337
1.72054	1.10169
2.05361	1.0201
1.03566	0.894455
0.967306	0.663333
1.68548	1.33532
1.4775	1.52763
1.52103	0.977769
1.55389	1.46017
1.04466	0.899995
1.7698	1.33354
1.45751	1.73367
1.75516	0.936777
2.21044	0.949165
1.10622	1.99806
1.29246	1.54289
1.9141	0.932699
1.8865	0.949858
1.16175	1.4411
1.00328	1.24749
0.9083	1.15824
1.91741	1.26535
0.965369	0.797324
0.913027	0.95464
1.34677	1.76518
2.35898	0.958176
1.59194	1.34617
1.35941	1.49991
2.38493	1.00433
0.79859	1.00363
1.79868	1.35144
1.38663	1.6107
1.83812	1.07345
0.826763	0.968818
1.63467	1.536
0.89636	1.2403
0.989738	1.03794
1.11024	0.93187
2.06015	1.21626
1.05257	1.50721
1.07906	0.382382
1.25601	1.57806
1.05117	1.25413
0.997856	1.26885
1.3658	1.71295
1.198	1.39724
1.64777	1.55114
1.11663	1.6996
1.41856	1.24693
1.98252	0.9205
1.31273	1.42636
1.60382	1.28062
1.05039	0.884389
1.57865	0.983357
0.938523	1.44143
1.34374	1.08292
1.59048	0.923628
0.923757	0.842888
2.00051	1.11103
1.59743	1.46513
1.21313	1.15671
2.31294	1.04941
0.988603	1.23559
1.37434	0.918722
1.56716	1.33132
1.46546	1.57981
0.91895	0.619028
1.88009	0.918085
1.31938	1.63675
0.820005	0.709564
1.6525	1.35494
1.82129	1.02917
0.941074	1.08748
2.33519	1.0484
0.852984	0.932237
0.850779	0.772007
1.04277	1.20663
1.97595	0.939395
1.53603	1.59856
0.865175	1.0351
1.41148	1.43048
1.39511	1.66643
1.48203	1.809
0.943063	1.58957
2.52308	1.12776
0.852957	0.955328
1.67363	0.845213
1.08089	1.19606
0.923686	0.883711
0.92762	0.6968
1.81026	1.56457
1.47053	1.37713
1.42498	1.03762
1.06144	1.1269
0.969632	0.407531
1.21153	1.46374
1.49553	1.35801
2.02666	1.10582
1.33265	1.54503
1.71593	0.920471
1.06405	1.15161
1.00014	1.60517
1.82554	1.0095
1.65527	1.27314
1.626	1.01966
2.15158	0.869386
1.73839	1.86687
0.998642	1.11548
1.59385	1.05324
0.971251	1.34513
0.983076	0.99846
1.91514	1.02798
1.21986	1.36697
2.11654	1.07104
2.51777	0.918931
0.987924	1.46818
1.91004	0.8676
2.36148	1.23196
1.62521	1.68815
2.17648	1.21162
0.884334	1.13087
1.12712	0.77373
1.13552	0.714735
1.7355	0.85438
1.86097	1.58388
1.74607	0.837243
1.07552	1.69003
2.53276	0.845268
1.15165	1.49427
1.98549	0.948596
1.63565	0.956582
1.01117	1.00752
2.07299	0.830085
0.927521	0.397034
1.58719	1.45093
1.76796	1.20435
2.08779	1.07944
2.25165	1.0153
0.932275	1.15162
1.87087	1.48921
1.70258	1.04962
2.06458	0.913378
1.81249	0.919149
1.2989	1.48993
1.58731	1.6138
2.1203	0.940172
0.921792	1.47876
1.10175	0.792267
1.01976	0.839514
1.34058	1.64285
1.95915	0.912829
2.02822	0.971437
1.04616	1.26058
1.15664	0.829245
1.41547	1.67962
1.18533	1.30185
1.21767	1.59021
1.11667	1.52446
1.79087	1.0446
1.07574	0.658875
0.946775	1.07525
1.16545	0.966043
0.969441	0.76682
1.55915	1.64316
1.62071	1.20628
1.51062	1.61326
1.33969	1.61239
1.83408	0.967964
1.31689	0.868564
2.09306	0.989351
0.997543	1.07385
0.934488	1.23554
1.98306	1.02061
1.04253	0.574948
1.15583	1.48095
1.25206	1.41631
1.02747	1.27845
1.52991	1.4379
2.05978	0.948903
1.03812	0.920278
2.16969	1.11721
1.89739	1.46746
1.80642	0.79789
1.63751	1.40241
1.20181	1.52897
1.47909	1.75022
2.00048	1.06633
1.11626	0.994184
0.893407	1.3801
0.909353	1.26458
0.949486	0.944434
1.75625	1.05201
1.13012	1.38167
1.02413	1.46225
1.18259	1.54997
1.57804	1.24484
1.5189	1.76556
2.0712	0.93968
1.29305	1.59603
1.11931	0.876187
1.4381	1.59346
1.49729	0.878976
1.69506	1.73897
1.12084	0.694861
1.05717	1.02085
1.46831	1.02407
0.940025	0.867397
1.42262	1.59369
1.0462	1.63494
1.02438	1.33943
0.815281	0.820614
1.13238	0.99875
2.13551	0.995201
2.39421	1.14797
1.79221	0.975738
1.32207	1.06995
1.06674	0.651493
0.976625	1.14306
2.20682	1.02325
0.914442	1.04237
1.05077	1.10617
1.50148	2.05608
2.09929	0.839799
0.910741	1.12865
2.07568	1.1127
1.51119	1.50939
1.71081	0.989376
0.997626	1.58212
0.973438	0.487575
1.49381	1.41625
2.14378	1.01499
2.40728	0.851118
0.794194	0.840951
1.50977	1.57185
1.05161	0.755184
1.06486	0.994658
2.29777	1.11051
0.838122	1.51151
1.74459	1.07223
1.52061	1.41275
0.814529	0.411374
1.64157	1.34052
2.37895	1.0621
2.25423	0.959645
0.865636	0.483902
1.5289	1.62099
1.3645	1.19684
1.47012	1.6447
0.877805	0.936834
1.44849	1.08446
2.31703	1.08109
2.20654	0.991648
1.99353	0.98999
1.03009	1.14111
1.8271	0.926919
1.05137	1.18592
1.93164	1.14094
1.2509	1.28169
0.937099	1.2617
1.35299	1.29342
0.95535	0.876742
2.23812	1.02631
1.99229	1.09111
1.80341	1.47758
1.5331	1.24949
2.35946	1.04795
1.8992	1.12185
1.17852	1.17073
1.65875	1.23132
2.07954	1.07138
0.919358	0.602584
1.56805	0.877451
1.27099	1.55514
0.9782	1.1776
1.5583	1.13847
1.08712	1.07619
0.878722	0.873985
0.92933	0.359397
2.28951	0.863937
1.50535	1.70206
1.36826	1.35756
1.11632	0.915985
2.15916	1.03789
1.34339	1.32927
0.943972	0.707722
1.98747	1.04163
2.02993	1.16102
1.03302	0.606655
0.979063	0.540131
2.17184	1.04281
0.970076	0.680399
1.2705	1.01007
1.44321	1.12064
1.6681	0.871748
0.962675	1.03159
0.87162	1.18975
1.60781	1.09837
0.991313	1.23432
2.17714	1.08733
1.02831	0.496657
1.10939	1.15355
1.90275	0.956419
0.961614	1.13348
1.08057	0.789972
0.965174	0.849968
1.40528	1.65185
1.20747	1.39596
0.999075	1.38808
1.57789	1.1327
1.70978	1.88722
1.28239	1.57017
1.91064	1.03975
1.64522	1.89132
1.00745	0.791095
1.77572	1.43249
1.77022	1.16673
1.59298	0.997233
1.07926	1.04761
2.15017	0.979645
1.59971	1.22854
1.18155	1.58915
2.51932	1.22715
1.76684	1.05221
0.973967	1.39909
1.44838	1.57078
1.43332	1.54558
1.44261	1.38908
1.13052	0.571123
1.40192	1.72608
1.63977	1.32181
1.46407	1.80674
1.36805	1.21348
0.988382	0.535428
1.93099	0.947595
2.49604	0.990119
1.69647	1.26306
1.03487	1.12645
0.985223	0.97655
1.4825	1.63021
2.28174	0.982599
1.42872	1.4967
2.13585	1.16359
1.94343	1.10936
1.06294	1.22532
0.872046	1.54742
1.1323	1.13303
1.85236	1.1758
1.50908	1.30176
1.33302	1.10745
2.28113	0.941949
2.1021	1.03768
1.8858	0.992347
2.28153	1.09708
1.66992	1.61321
1.49533	1.5229
0.910631	0.729231
0.996015	1.61799
1.94882	1.01981
0.966224	0.672789
1.40212	1.55133
1.10822	0.91363
1.54906	1.30806
2.13496	0.9462
1.73773	1.36181
2.0723	1.3484
1.99068	1.08022
1.83782	0.820585
1.54291	1.60098
1.23827	1.30172
0.980889	1.02676
0.90345	0.918369
1.34895	1.68733
0.903757	0.719045
2.45289	1.24282
1.70286	1.46081
1.7769	1.79395
1.54211	1.59781
1.19234	0.960156
2.00539	1.64396
2.0689	1.6074
1.91737	1.57608
0.947839	0.321778
0.977235	0.804667
1.13989	1.309
1.15451	1.15251
1.66218	1.46063
2.21431	0.949052
1.01284	1.18956
2.11785	1.02842
0.832637	0.704596
1.88925	1.06289
1.01503	0.730509
1.28284	1.28012
0.886672	1.07764
0.884293	1.04168
1.6043	1.47979
1.89821	1.01659
1.95519	0.96895
1.59547	0.934731
0.869285	0.754408
2.07258	1.03075
1.65167	1.47889
1.41415	1.18285
0.925133	1.20602
1.15172	0.367158
1.08022	1.03256
1.25905	1.51955
0.955601	1.06195
2.0972	0.847333
1.08938	0.974361
2.38707	1.04272
0.910545	0.723754
1.07461	1.40875
0.853293	0.525513
0.977635	1.00185
1.61479	1.71121
1.47858	1.52437
0.884998	0.633457
1.52008	1.55831
1.59953	1.3128
1.19713	1.38646
1.36086	1.42176
1.04836	1.22947
1.96655	1.10863
1.73712	1.02906
1.76265	1.59584
1.67892	1.05216
1.54954	1.22244
2.08122	1.14835
1.63548	1.7973
1.90368	0.868912
2.23993	1.06079
1.23366	1.57811
0.922951	1.1142
1.4245	1.26085
2.26318	0.833012
1.67029	1.11209
2.20415	0.823484
1.08625	0.477423
1.3943	1.34432
2.06219	1.09277
2.35401	1.12424
1.96637	1.22668
2.1845	0.973897
1.9069	1.17484
1.06761	0.55591
0.972924	1.19736
0.924586	1.48085
1.54624	1.64335
1.80121	0.997231
1.17923	1.01245
1.05435	0.937756
1.87197	1.00716
1.43137	1.63345
1.02774	0.618565
0.932417	0.878854
1.4964	1.81318
1.53651	1.8464
1.51501	1.73312
1.11032	1.19606
1.51386	1.06947
1.18273	1.08984
0.832301	1.0523
1.32361	1.7173
1.12057	0.895612
2.23769	0.951671
1.64887	1.67302
1.96857	0.807367
1.83502	1.09509
1.56822	1.37537
1.01409	1.36712
2.24566	0.887412
1.18202	1.37524
1.61837	1.73501
0.97968	1.2013
1.06316	1.23262
1.58127	1.594
0.998197	0.729695
1.49656	1.49056
1.01988	0.99843
1.34256	0.901563
1.47825	1.24172
1.50488	1.38977
1.74092	0.981744
1.11889	0.755884
1.63512	1.46342
0.976505	1.12675
2.13804	0.96701
2.13692	1.15377
1.04172	1.02205
1.84809	1.04045
1.45601	1.47403
1.77477	1.36714
1.71581	1.64374
2.25917	1.06852
1.61011	1.46097
1.47713	1.78961
1.32262	1.34378
1.17266	0.875885
2.46669	1.04132
0.882672	1.20125
1.82001	0.96261
1.06283	0.78915
0.893871	1.18226
1.34847	1.30811
1.9774	1.01758
1.09821	1.06387
1.13219	1.40029
1.16084	1.38989
1.07381	1.36546
2.11045	1.01898
2.01482	0.870756
0.966723	0.863331
1.8778	1.57889
0.981269	0.479803
1.05601	1.18043
0.983306	1.32735
0.968077	1.20167
1.89361	0.918916
1.47133	1.40261
1.27548	1.11664
1.04017	0.977144
2.13216	0.996914
1.05874	1.64988
1.82465	1.65463
0.877431	0.783142
1.98676	1.65672
1.43639	1.50644
1.46889	1.0928
1.39005	1.5845
1.08065	1.14504
1.60484	1.56604
1.096	1.31816
0.926428	0.637735
0.737413	1.13271
1.76681	0.915466
1.93944	1.023
2.03793	0.879857
0.899287	0.873922
0.950582	1.29524
0.830391	1.03432
0.832403	0.87949
1.53075	1.25187
1.71322	1.81991
2.0402	0.875835
1.80168	1.42064
1.85076	1.05454
2.20182	0.773985
1.70112	1.25929
2.2189	0.968142
0.793812	1.17502
1.72535	1.05135
0.912268	1.80155
1.0334	0.995286
2.21721	1.09981
1.79788	1.23502
0.919335	1.00509
1.66176	1.73957
2.11152	0.974533
2.40982	1.10852
0.98392	1.07146
1.38276	1.52833
1.56437	1.39091
1.64459	1.78391
1.60506	0.764346
2.04583	1.07973
0.806581	1.19874
0.920907	1.32078
1.70868	1.00455
1.74259	1.80195
1.00941	0.633063
2.51127	0.987965
1.63599	0.995803
1.02833	0.610493
2.46161	1.21894
1.73429	0.921482
1.44773	1.52582
2.27667	0.960885
1.01558	0.788125
1.60621	1.40261
0.957613	1.01716
0.940618	0.858701
2.25573	1.10737
1.9444	0.95079
1.26976	1.75848
1.51107	1.56143
1.74104	1.03523
2.06211	1.02619
1.01589	1.15019
1.62026	1.32249
1.6599	1.43015
1.32002	1.27215
2.37426	0.883819
1.75917	0.994045
1.62793	1.74793
1.5314	1.46555
1.66765	1.85338
1.75288	1.03406
1.61248	0.954434
1.98568	0.998068
2.01072	0.966043
1.1336	1.16867
1.16789	1.03221
1.28031	1.23783
0.900553	0.82062
2.20731	0.97621
1.21755	1.11412
1.18172	1.17459
1.41866	1.26337
1.00159	0.906385
1.44897	1.66428
1.9682	1.08201
2.02075	1.07118
0.938801	0.946453
1.91445	1.13292
1.08607	0.607346
0.947851	1.04352
1.53081	1.55134
1.61102	1.34077
2.47155	1.04342
1.79977	1.76634
1.81206	0.83929
1.55885	1.45417
0.976059	1.07781
0.989148	1.01165
1.44703	1.76736
2.28334	1.08395
1.06363	1.28216
1.40038	1.40959
1.49948	1.48594
0.908143	0.703693
1.50213	1.86387
1.83405	1.37713
1.90266	1.52941
0.927267	1.19878
2.02103	1.03125
0.958189	1.66134
0.817936	1.17784
1.71444	1.79868
1.08264	0.610903
1.04746	0.888378
0.880545	0.898755
1.16516	1.29233
2.7069	0.867813
2.07688	1.0368
1.91427	0.944425
0.903868	0.827404
2.1235	1.04173
2.32447	1.04371
1.028	0.641713
1.82589	1.6984
1.01924	0.725601
2.23922	0.980804
1.30188	1.53161
1.5172	1.49769
2.06849	1.08024
0.911434	0.701967
1.40635	1.23105
1.46434	1.45976
2.3208	1.11637
1.63543	0.940615
1.63532	1.31027
0.975321	0.960276
1.06257	0.450054
1.78891	1.70511
1.74771	1.68343
1.25228	1.39302
1.03827	0.73209
1.44508	0.982647
1.43077	1.67431
1.13718	0.895007
1.35035	1.3441
1.03896	1.28625
1.93886	1.30237
2.31357	0.979885
1.5186	1.6265
1.43924	1.34337
1.31731	1.21894
1.93213	0.967585
2.25175	1.05287
0.835008	1.30107
0.956495	1.54667
0.972997	1.30425
2.14298	0.993465
2.60997	0.990129
1.03732	1.14961
2.51861	1.00287
2.35302	1.03592
1.59532	1.34856
2.09467	1.46385
1.07498	1.50265
1.92513	1.01983
1.06401	1.4896
2.15792	0.983496
1.52903	1.21567
1.20976	1.42506
1.16943	1.31105
1.40715	1.23191
1.60314	1.01898
1.28951	1.60286
1.86307	1.43849
1.5088	1.7124
0.883881	0.734138
1.05926	1.71691
1.5959	1.49569
1.9332	0.966849
1.70148	1.02986
1.88083	1.07803
2.38791	0.825076
1.83448	1.20682
1.06783	1.35447
0.945259	0.994271
1.81744	1.51941
1.13728	0.764045
1.75369	1.76975
2.41161	1.0724
0.808811	0.583602
1.0001	0.588056
1.03702	0.912669
1.76344	0.796477
1.39122	1.7278
2.20785	0.968593
1.8719	1.11586
0.875781	0.850834
1.74752	1.4928
1.43049	1.46665
1.75831	1.10354
1.81819	0.974758
1.84958	1.09876
1.95063	0.949522
1.87215	1.39911
1.20289	0.957889
0.940712	1.03526
1.51654	1.57075
0.968447	1.2636
1.60608	1.59575
1.54972	1.30507
1.5861	1.15211
1.93426	1.21279
1.96628	1.15237
2.18478	0.905651
1.8649	1.04916
1.74852	1.06159
1.0216	1.08371
1.37958	1.57721
1.67252	1.4423
1.9173	1.07955
1.07612	1.40015
0.857512	0.676127
0.97875	0.655031
0.957616	0.822392
0.970645	0.748505
0.935868	1.01576
2.23314	0.773832
1.88765	1.00736
1.46424	1.24326
1.58722	1.32337
2.22991	0.997295
1.15173	0.950409
1.0865	0.701969
1.1092	0.717569
1.55036	1.76965
2.46695	1.01483
1.77886	0.897138
0.811545	0.479063
0.992364	0.795932
1.47996	1.44984
1.07423	0.960511
0.995867	0.9488
0.876199	0.783381
1.37977	1.49009
1.40475	1.02972
1.37955	1.15327
1.07031	1.17817
1.81241	1.72685
1.51345	1.4875
1.07438	1.08675
1.80631	0.911883
1.56401	0.997883
1.06793	0.983549
0.903578	1.15094
0.952059	0.859159
2.53275	1.27522
1.5204	1.51542
0.956007	0.854504
1.94793	0.988528
1.1084	0.567811
1.49199	1.29006
0.883649	1.15445
1.95542	1.1153
0.884442	0.672107
1.95967	0.985613
1.47743	1.54524
1.88434	0.84953
2.15716	1.05462
1.83869	0.899243
1.10547	0.951714
2.60553	0.957449
0.973309	0.450725
1.56472	1.68816
1.75833	1.95324
1.93457	1.00109
1.73102	1.32994
1.10976	0.909487
1.84026	0.926834
1.51839	1.25258
1.3217	1.02422
1.33388	1.43196
1.57252	1.5575
0.813848	1.7101
1.84105	1.25296
2.12828	1.12987
0.959388	1.15231
2.19557	1.12798
0.819505	1.11163
1.05094	0.775762
2.03169	0.978734
1.53779	1.95294
1.77049	1.42186
1.07016	1.34913
1.63216	1.05793
1.53349	1.33826
2.13893	1.1478
2.13293	0.953267
1.56398	1.67594
1.64994	1.03621
2.08364	0.930373
1.13676	0.442829
2.3522	1.06091
1.53336	1.23578
2.04216	1.10199
2.07582	1.01479
2.69972	0.844419
1.30822	1.15168
1.59376	0.875971
1.76751	1.67188
1.78255	0.980921
1.28472	1.76908
1.04835	1.21469
0.814384	1.16378
0.91086	1.3738
1.12066	1.60349
1.36933	1.70048
1.96555	1.07026
0.92501	1.11628
2.47753	1.11604
1.51801	1.55823
1.02599	0.523114
2.03843	0.979248
1.6468	0.925505
2.04972	0.903679
2.01925	1.31185
1.91228	0.955889
2.02882	1.70667
1.28582	1.00411
1.02214	1.23064
2.10323	1.01543
2.02795	0.90697
2.27794	0.949239
1.03396	0.943084
2.23233	1.09794
1.96177	0.959618
0.985035	1.24806
2.05326	0.898293
1.82444	1.0831
1.32842	1.4653
2.19327	1.12009
1.1378	1.56039
1.12666	0.761137
1.46461	1.11063
1.08606	0.86932
0.906657	0.723527
1.10748	1.03459
1.00303	0.801739
0.940475	0.794715
0.968473	0.780873
1.99686	0.974669
1.07034	1.20545
1.57393	1.09562
1.07407	1.27508
0.958714	1.3279
2.04818	1.04024
2.10165	1.10292
1.47618	1.18635
0.9509	0.947201
1.97643	0.990913
1.09533	1.02617
2.09388	1.03414
1.75979	1.27494
1.65262	0.998912
1.09219	0.979707
0.893179	0.965409
1.58951	0.991637
0.991307	0.880719
1.5003	1.1777
2.02631	1.03174
1.94251	0.80376
1.50043	1.42446
1.09971	1.02083
2.23219	1.01341
1.91635	1.07425
1.40131	0.916607
0.974258	0.659172
2.15211	1.10916
1.66209	1.51435
2.05524	1.11743
0.981841	0.899049
1.51213	0.870359
1.82564	0.938246
1.03795	1.01871
1.92383	1.01534
1.53609	0.966056
1.01214	1.08757
1.62943	0.936022
1.29778	1.16519
0.966829	0.508719
2.16672	0.932122
1.22069	0.901022
0.941473	1.14817
1.75242	1.3104
1.40791	1.82241
1.44314	1.75703
2.16634	1.05861
0.989095	0.904336
1.58109	1.47425
1.56751	1.08718
1.59629	1.27611
1.06285	1.48343
1.42394	1.20759
0.975466	0.930087
1.90057	0.960258
1.60894	1.66326
0.972991	1.08099
1.03826	0.940126
1.57326	1.42779
0.790268	1.15827
0.914967	0.86815
0.931954	0.979874
1.99575	0.990038
0.929326	0.956722
0.89505	1.43688
1.72643	0.981705
1.52416	1.84077
1.75799	1.6318
1.61506	1.95905
2.10092	0.944464
1.6031	2.02994
1.46354	0.799939
2.48253	1.13275
1.99727	0.882192
1.79202	1.15821
2.37097	0.958613
1.52317	1.39274
1.53234	1.6127
1.22954	1.62066
0.877166	0.880493
1.01286	0.729419
1.49384	1.12387
2.1809	1.03878
0.881526	0.436145
1.60527	1.96451
1.63744	0.961759
1.7728	0.979952
1.48603	2.14576
2.66887	1.0017
1.41653	1.55242
1.96414	0.931102
1.38512	1.33493
0.88983	1.1596
1.57777	1.53324
1.91567	0.970729
1.44697	1.71451
1.47529	1.83496
0.958398	0.752635
1.53098	1.56335
1.09116	1.09685
1.33171	1.65846
2.36003	0.860068
1.01377	1.06696
1.64753	1.79054
2.41794	1.00034
1.59667	1.43201
2.13785	1.12061
1.59472	1.60238
1.85611	1.78098
1.6211	1.44904
1.04186	0.690424
1.08731	1.44555
1.6451	1.6092
1.12127	1.14085
1.67598	1.1178
1.28537	1.33855
1.28701	1.61031
1.39921	0.89542
0.956418	1.25128
1.9871	1.24304
0.891034	0.778685
0.912958	0.847583
2.1372	0.914988
0.943834	0.542229
0.95985	1.20425
1.42112	1.72177
1.61242	1.3877
1.25456	1.20005
1.95759	1.41084
1.17008	1.50304
1.22611	1.7556
1.51733	1.75162
0.991606	0.697324
2.11766	1.16943
0.925102	0.780001
1.46138	1.51377
1.0176	0.826881
1.69814	1.23647
2.27099	0.932927
1.95507	1.04371
1.75162	1.59979
1.52706	1.558
1.22116	1.25084
0.864941	0.46267
1.55727	1.421
1.00069	1.60064
2.01459	1.04908
0.963759	1.04062
1.38917	1.31746
1.49534	1.47843
2.24703	1.03497
1.70242	1.3555
1.71145	1.3466
1.85404	1.0418
1.05597	1.08432
1.59081	0.93735
0.966955	0.70268
1.0686	1.1315
1.91505	1.04818
0.811383	1.05627
2.24199	1.13161
0.944944	1.01006
1.48368	1.85963
0.799305	0.860322
1.02054	1.039
0.915691	1.08751
0.982741	0.765726
1.03555	0.760679
2.51339	0.907837
0.99779	1.25215
1.8378	0.912221
1.96123	1.19452
1.06642	0.9634
0.959218	1.14644
1.16249	0.913785
1.59216	1.49849
1.66942	1.71034
1.88862	0.987369
2.282	1.09525
1.53481	1.39486
2.41988	0.933934
1.03136	0.646343
0.777327	1.15859
1.75062	1.47512
0.88383	1.27779
2.01188	0.917542
0.933388	1.55635
1.44126	1.28086
1.72438	1.83091
1.90113	0.944275
1.53013	1.26833
1.53461	1.81264
1.72666	1.10209
2.35163	0.978159
0.862344	1.27572
1.54165	1.27535
2.01425	0.971884
0.971165	1.18357
1.018	0.561568
0.986298	0.976874
1.7122	1.20275
1.87626	1.67934
1.60581	1.66647
0.83562	1.23472
1.61461	1.5769
1.99496	1.10485
1.30169	1.52124
1.41863	1.70419
1.17069	1.05858
1.41665	1.65322
1.03721	1.03411
1.02173	1.17375
1.37126	1.31288
1.6229	1.63988
0.888793	0.92422
1.8424	0.943381
1.7738	1.40904
0.987474	1.27461
1.81594	1.55311
0.92385	1.54922
1.06656	1.38702
0.942899	0.997689
1.10565	1.25685
1.76814	1.14866
2.06327	0.908397
0.862142	0.841548
1.42166	0.892126
1.2735	1.38281
1.72536	0.930647
1.94813	0.962227
2.15432	0.8065
1.95484	1.1262
1.49592	1.76774
1.64454	1.49087
2.07423	1.01645
0.944717	1.37411
1.7194	1.34068
2.01478	0.956741
1.5984	1.46794
1.30673	1.38315
1.79064	1.46694
0.964918	1.67534
1.43556	1.62668
1.07539	1.21314
1.51371	1.27601
1.26157	1.36121
1.2962	1.39378
1.41156	1.46231
1.69303	1.01939
2.14146	0.982823
0.930094	0.381678
0.921428	0.888544
1.49605	1.54863
1.1084	1.02677
1.03035	0.799029
1.85827	1.12035
0.986768	0.829741
0.944806	1.06559
1.37901	1.56552
1.56187	1.44418
1.68594	1.52471
1.5691	1.33354
0.974708	1.77942
0.984799	0.696733
1.58157	0.849981
1.91274	1.07068
1.43907	1.29395
1.42886	1.02295
1.00065	0.827258
1.47521	1.38703
1.08129	1.14361
1.57928	1.60638
2.2142	0.96811
0.96373	0.880024
2.06858	0.813622
1.08434	1.30451
1.58957	0.984175
1.50377	1.38632
0.997226	0.759685
1.51487	1.67274
1.71662	1.12001
1.52219	1.72928
1.09914	0.761672
2.2006	0.986148
1.47502	1.9379
1.01935	1.24015
2.14586	0.999193
1.77532	0.931218
1.5963	1.33978
0.966447	0.740919
1.44771	1.64445
1.95385	0.928339
1.35846	1.05629
1.59502	1.68529
1.02726	1.24117
1.03739	1.53565
1.11016	1.12797
0.971596	0.994726
1.41539	1.59786
2.00845	0.891132
1.8483	0.999222
1.72731	1.35903
0.949015	1.10591
2.04672	1.053
1.05572	1.08718
0.961943	0.982139
2.0076	1.84766
1.14	1.08273
1.8427	1.38804
1.82662	1.02263
1.80068	1.06026
1.03526	0.890126
1.88182	1.21423
1.79142	1.05561
0.97192	0.916532
1.13613	1.18187
1.42323	1.33704
1.10798	0.973408
1.33145	0.943454
1.38746	1.26732
0.910236	1.16665
1.43207	1.5994
1.72799	0.889691
0.978231	0.919425
2.15638	1.01561
0.954569	0.792631
2.32722	1.03893
1.46858	1.82973
0.944889	0.940274
0.963437	0.181884
1.44326	1.34088
1.38545	0.980127
0.986974	1.23299
1.05298	0.543157
1.74779	1.45029
1.69566	1.7247
1.42158	1.5471
1.48884	1.45061
1.60219	1.65536
1.48258	1.15532
1.67637	1.72787
1.72774	1.52364
1.26137	1.13172
2.03216	0.958767
1.61963	1.06511
0.97426	1.07277
1.86634	0.935294
2.07007	1.06067
1.48045	0.812977
2.36893	1.02728
1.69229	1.65084
0.992387	1.08263
2.04884	0.92866
1.68657	1.81657
1.10352	0.787658
1.99855	1.66001
1.78289	1.4701
1.03593	1.13733
0.900525	1.19661
2.08528	1.0332
1.35416	0.917185
1.59423	1.35822
0.956252	0.756245
1.73572	0.745401
1.76279	1.23979
1.40024	1.55384
0.959701	0.396277
2.09138	0.899107
1.58431	1.2641
0.935468	1.20413
1.15851	1.12144
1.38655	1.0793
0.867551	1.23219
0.956615	1.11981
1.69703	1.83801
1.00219	1.4697
1.74202	1.47151
1.59328	1.85272
1.3784	1.88784
2.42145	0.989455
1.06431	1.43981
1.8991	1.67319
1.03648	0.480374
1.17401	1.52682
1.64401	1.19634
1.32614	1.57726
0.972865	1.07428
1.48423	1.45535
2.03569	1.01019
2.20873	1.01054
1.53026	1.5887
1.77758	1.32675
1.07426	0.835937
1.52358	1.44622
0.738333	0.534735
1.55314	1.57149
1.80614	0.696783
1.69665	1.58987
1.03653	1.46895
1.04701	0.806942
1.89395	1.07196
1.35772	1.68985
1.636	1.79656
1.23196	1.09412
1.60296	1.54876
1.03293	0.59849
2.67605	0.943615
1.66526	1.60735
1.27454	1.42086
1.61231	1.27567
1.06311	1.02318
1.74338	0.968314
1.48244	1.56604
1.15146	1.39261
1.4083	1.18344
1.84147	0.873371
1.00591	1.12532
1.74001	1.24057
1.60783	1.77274
1.80499	1.05803
1.48804	1.3805
0.795926	0.66886
1.17642	1.03266
1.96362	1.03623
1.69437	1.00614
1.14407	1.03829
1.53326	1.36155
1.65614	1.38127
2.09835	0.990668
1.08038	1.08571
1.69221	1.81006
1.48484	1.47789
1.6503	1.4491
1.13862	1.03633
1.1846	1.34959
1.42077	1.45369
1.17148	1.29202
1.93225	1.00401
1.8636	0.990727
1.9295	1.62767
1.70556	1.40011
1.12793	1.16325
1.37823	1.73453
2.05203	1.11212
1.55151	1.76341
2.25311	0.956353
0.958536	1.26928
0.916855	2.0005
1.68231	1.53629
1.67015	1.18387
1.88169	1.00232
2.3364	0.852563
1.89802	0.84193
1.21099	1.2975
0.997965	0.942974
1.0104	0.855204
1.10134	1.09224
1.34321	1.56
0.897484	0.726953
2.02583	0.601339
1.64031	1.49999
0.955236	1.30052
2.08322	1.15403
1.71197	0.914696
1.40997	1.37531
1.08157	0.802665
1.00989	0.810362
2.18709	0.918496
0.993371	1.06993
1.43947	1.52731
1.65833	1.43047
1.90469	0.969119
1.66115	0.850032
2.07325	1.03841
1.27121	1.59044
1.31956	1.38749
2.46494	1.02211
1.99722	0.996252
1.05222	1.75315
1.03564	1.26381
2.29848	0.85436
1.00878	1.05663
1.87263	0.905733
2.82188	1.11239
1.53633	1.52036
1.71378	1.45098
2.24569	0.93246
1.91905	1.01726
1.93029	1.02276
1.09863	1.27416
0.834182	1.12455
1.13255	1.21181
1.67372	1.51435
1.0321	0.837729
0.986826	1.16646
1.90855	1.01882
1.73534	0.708716
1.72193	1.44341
0.920352	0.71944
1.98355	0.884336
2.37429	1.09609
1.64708	0.972895
1.02372	1.45898
0.909415	1.11159
1.11601	0.945328
1.27059	1.62547
0.964194	1.25644
2.35018	0.954052
1.97838	1.80822
1.01344	0.952703
1.10903	1.80048
2.17025	1.08115
0.988408	0.708939
1.85113	1.04004
0.831675	0.793976
1.6565	1.09916
1.70293	1.0526
0.916287	1.24985
2.15941	0.879787
1.76613	1.59136
1.43765	2.03629
0.907675	1.18196
0.926102	0.943176
1.30219	1.52965
1.03572	1.03164
1.06641	1.46898
2.25127	0.958975
1.44893	1.48061
2.09896	1.05186
2.86548	0.860709
1.1949	1.37375
2.13741	0.850961
1.67639	0.883911
1.88144	1.40124
2.03126	0.9347
1.92258	0.85938
1.55788	1.58843
1.50717	1.3227
1.03717	0.460133
2.3908	1.10731
2.02986	0.803608
1.8771	0.944368
0.881265	0.984731
1.68957	1.4269
1.66314	1.22349
0.93355	0.680181
1.32769	1.52838
1.53512	1.57743
2.40669	0.97814
2.14097	0.927388
0.882069	0.30151
0.979861	0.962235
1.03916	1.0965
1.7838	0.992116
1.32727	1.80517
1.42748	1.11557
1.14276	1.62388
1.32178	1.66729
1.03806	1.21863
1.55949	0.816185
1.18442	1.57393
1.27173	1.24361
0.992082	0.656195
1.10392	0.841558
0.93934	0.758519
2.0417	1.05023
1.36999	1.23905
0.918271	0.895509
1.09695	0.959961
1.63324	1.36278
1.04608	1.08956
1.68142	1.02634
0.834475	0.58781
1.9653	1.05373
0.809313	0.957168
1.6302	0.954901
1.14283	1.53821
1.31765	1.29695
1.16196	0.719397
0.998578	0.857871
0.988558	0.93695
1.84419	1.64503
2.10715	0.903978
1.09051	1.30744
2.18088	1.01171
2.05145	0.918215
1.74306	0.750753
1.682	1.47004
0.932297	1.04681
2.06129	1.01853
1.48913	1.52901
0.967458	1.20082
1.00678	0.757858
1.03934	1.13443
1.09962	1.6211
0.947484	0.642871
1.80338	0.924887
2.10887	1.04877
0.990249	1.11726
1.63598	1.5686
1.41506	1.26026
2.20293	1.04396
1.03858	0.490296
1.3537	1.59504
0.915657	1.39222
0.976852	1.51232
1.49283	0.785273
1.59252	1.68864
1.54095	1.40517
0.941104	0.565822
1.04861	0.655785
1.00853	0.592778
1.55828	1.29156
1.05046	1.0217
2.10592	0.898174
2.49199	1.03842
1.92972	0.961357
1.03186	0.449996
1.45342	1.11324
1.03812	0.592003
0.876069	0.925035
0.786203	0.939644
1.93182	1.02097
1.23047	1.43061
1.90375	0.869164
1.06813	0.891862
2.07075	0.829153
1.68548	1.25153
1.7435	1.56018
1.74049	0.950454
1.63958	0.910638
0.808459	1.60385
1.36861	1.66332
1.00793	0.936446
1.36418	1.19517
1.77723	1.61045
2.25308	0.961732
2.01596	0.94233
1.45092	1.68866
1.27361	1.58486
1.5271	1.20123
2.10521	0.968614
1.39469	1.55703
2.40474	1.0029
1.57581	1.48921
1.16959	0.614248
1.94839	1.7582
1.6982	0.942148
1.697	1.45107
1.48251	1.4414
0.956965	0.710117
1.29949	1.5415
1.2843	1.67519
2.2281	0.855097
0.968571	1.42205
1.03487	1.05628
1.00483	0.920407
1.03809	1.19603
1.13933	0.900754
2.6517	0.923348
1.46254	1.46099
1.19212	1.70904
1.5769	1.51458
1.24347	1.53506
1.49802	1.51961
1.3125	1.35487
1.53419	0.96029
2.30962	0.983656
1.04443	0.923231
1.11285	0.923301
1.46906	1.44623
1.78872	1.14238
2.18182	0.891566
2.02728	0.982068
1.75184	0.947781
1.20469	1.21793
2.0916	0.909564
1.81596	1.55648
1.59537	1.36657
2.3841	0.989738
1.38401	1.35843
0.979376	0.724049
1.95309	1.02317
2.18293	0.897057
1.69554	1.19744
1.89004	1.05538
1.80952	1.14238
2.69496	1.05693
2.4236	1.05603
0.926245	0.587725
0.966944	0.850886
1.04626	0.858482
1.19996	0.112682
0.88762	0.953071
1.52205	1.49398
1.39702	1.40113
2.07997	1.0422
0.92349	1.03442
1.26906	1.33514
1.06162	0.994359
1.44035	1.01634
1.93	1.4562
1.00264	0.850733
1.74074	0.821485
0.87198	1.42591
1.83884	1.05667
1.54862	1.44241
1.41626	1.76909
0.948747	0.902072
1.58095	1.67986
1.74978	1.26415
1.54953	1.44894
1.58908	1.40891
1.64476	0.975732
1.02214	1.18142
1.33096	1.63446
2.38276	1.10926
1.45694	1.48454
1.28861	1.74372
1.01545	1.24767
2.04639	0.990811
0.825548	1.31042
2.57134	1.00832
1.97658	1.84066
1.13019	1.27975
1.11879	1.18126
1.11763	1.0917
0.818908	0.960509
1.14846	0.776362
1.61351	1.42976
1.46153	1.59281
1.92525	1.51543
1.09122	1.01332
1.65619	1.07397
1.28203	1.42397
1.93754	0.961383
1.09908	0.85098
2.08417	1.58312
1.74784	1.19396
1.85872	0.830328
1.97196	1.03709
0.950194	1.39619
2.47939	1.06454
1.42356	1.0337
1.85682	1.06498
1.56089	1.26863
1.01998	1.09471
1.39534	1.31686
2.04488	0.891076
1.5107	1.25773
1.00813	1.02303
1.53327	1.15194
1.41667	1.27787
1.36458	1.41625
1.11666	0.96769
0.992533	1.39703
1.74657	0.961858
1.21997	0.975132
1.43361	1.17724
1.23297	1.04456
0.969337	0.979108
1.64145	1.72196
1.94783	0.834874
0.818342	1.30153
1.71334	1.29096
1.67007	1.01608
1.79764	1.11327
1.65405	1.17213
1.65861	1.69897
2.0295	0.901835
1.4847	1.62308
1.73547	0.911687
1.33692	1.65655
1.7496	1.58322
1.53019	1.41922
1.71042	1.05901
1.34559	1.40317
1.18896	1.32827
2.04217	0.899958
1.10651	1.01441
1.79445	1.09283
1.63509	1.39439
1.27523	1.52289
1.56746	1.65085
1.29027	1.89576
1.55431	1.64927
2.25502	1.04323
1.06238	0.741682
0.969073	1.00398
0.88675	0.632382
2.29759	1.1936
0.945695	1.47362
1.90617	0.994389
1.11108	1.30673
1.19183	0.707835
0.908392	0.913102
1.71203	0.917851
1.0938	1.32723
1.31334	1.03371
2.25854	1.02344
0.845363	0.44063
1.87482	1.02464
1.40349	1.20035
0.901864	0.774059
1.0506	0.765484
1.54857	1.15339
1.89795	1.11973
1.19415	1.08723
1.51801	1.6367
1.09127	0.834537
1.5749	1.49307
1.56007	1.7862
1.59346	1.5162
2.10096	0.889622
1.02845	1.40296
1.7556	1.07938
1.39484	1.7814
1.47781	1.49962
1.48069	1.84554
1.76566	1.57285
1.82589	1.16264
1.43973	1.44336
1.57471	1.01945
1.68883	1.46549
1.17975	1.25032
2.13008	1.05251
1.65846	1.13816
2.33283	1.07232
2.22388	0.932109
1.57365	0.857613
1.6449	0.951395
1.33222	1.68498
2.093	0.954919
1.56473	1.7684
1.74434	1.13903
1.43262	1.52359
1.54631	1.07769
2.05957	0.892007
0.971804	1.1163
2.53807	0.788241
0.95161	0.985226
2.23054	1.02279
1.06972	1.13009
1.67624	1.39053
0.986809	0.806733
1.14412	0.807017
1.60551	0.809779
1.57322	1.62235
1.58184	1.09301
1.68423	0.934216
2.03298	1.09911
1.42291	1.6729
2.15954	0.867589
1.09562	1.07532
1.11668	1.73077
1.43541	1.59319
1.52119	1.11503
1.59108	1.53031
0.895419	0.935166
1.08502	1.09724
1.35115	1.44689
1.14739	0.787131
1.57028	1.73258
1.32402	1.01363
1.5099	1.63147
0.991313	0.803103
1.65201	1.59246
2.0873	0.968755
1.9445	1.02985
1.96698	1.06598
1.1152	0.78705
0.924095	1.19904
1.06005	1.36615
1.12649	0.809096
0.98161	1.40033
2.45693	0.954426
2.20237	0.953791
2.48909	0.996164
0.961707	1.06456
1.68109	1.55448
1.41814	1.37108
1.82504	1.36301
1.96373	0.976041
1.70654	1.7366
1.68019	1.13885
0.960964	0.715553
0.926107	1.65977
0.925261	1.0046
0.971244	0.701707
1.42617	1.76556
0.835068	0.689653
0.998079	1.12581
1.60482	1.7232
2.80591	0.924179
0.987709	1.19592
1.03616	0.686886
2.27123	0.84416
1.66007	1.95467
1.916	1.01042
1.56078	1.28837
1.01131	0.78231
0.897719	1.24851
0.90895	1.29696
1.04966	1.11796
1.34139	1.49399
1.95894	1.55344
1.34756	1.3941
1.01094	0.704358
1.42261	1.76611
1.1094	1.0411
1.21147	0.902148
1.72742	1.76041
0.835597	1.48716
0.913513	0.850723
1.34731	1.46017
1.57039	1.17507
1.66136	1.04488
1.69696	1.21914
1.30062	1.49352
1.66514	1.7867
2.51014	1.08732
1.57602	0.940739
1.6468	1.09821
1.81806	1.5638
1.31407	1.70538
2.39391	0.934578
1.54516	1.33634
1.5664	1.59102
2.05925	0.795822
1.441	1.26448
2.27976	1.10133
1.42594	1.24703
1.02871	0.78231
2.17726	0.914139
0.912179	1.03051
1.07216	1.12937
1.36141	1.54442
1.03805	1.21483
1.46059	1.67681
0.989581	1.02672
1.88336	1.33419
0.884638	0.563334
1.03345	0.485913
1.95917	0.897203
2.0233	0.960445
0.957352	0.923529
1.88099	1.11249
0.875466	0.923714
1.01545	0.894526
2.11331	1.01501
1.93316	0.828454
1.29653	1.65964
1.66517	0.952107
1.56284	1.04479
1.17187	1.76515
2.03959	1.06489
1.48334	1.43979
2.02334	1.14772
2.20619	0.889875
1.09484	0.752255
1.55053	1.63777
2.39586	1.1152
1.41426	1.02434
1.03245	1.0589
1.42956	1.23643
2.40654	0.94464
2.02464	1.07
1.13653	0.925483
0.951357	1.08213
0.811635	1.25728
1.79519	1.32512
0.995394	0.671194
1.68847	2.02368
0.960182	1.15971
1.6381	1.46069
2.09102	1.09956
1.07174	0.839804
2.69692	1.11539
1.90724	0.979081
1.13162	0.801238
1.72022	1.85326
0.803007	0.664005
0.961761	1.38912
1.08007	1.07763
2.34066	0.939998
1.19023	1.01165
2.36242	0.931348
1.33815	1.30608
1.08857	1.41451
0.969954	0.765469
1.48801	1.03481
2.2152	1.04218
1.11077	1.2061
1.68037	1.15577
2.08426	0.937697
0.897949	1.26999
0.977721	0.958864
2.84672	1.07489
1.5633	1.04502
1.17453	1.27327
1.33921	1.35085
1.81646	1.17006
1.3613	1.93137
1.05809	0.763294
1.30017	1.38152
1.61348	1.71108
1.49129	1.32875
2.20333	0.830751
1.45088	1.05869
1.54796	1.33565
2.50005	0.919292
0.918833	0.264073
1.78546	1.41206
1.08321	1.13361
1.43919	1.16273
1.24393	1.70216
2.02176	1.12524
1.18673	1.45501
1.08187	1.15318
1.47115	1.01291
1.05279	1.17128
1.8178	0.931712
0.878864	1.13731
1.34654	1.56283
1.26365	1.60841
0.889819	0.858986
2.06063	0.907144
1.52882	1.56062
0.953679	1.25601
1.16384	0.647198
1.08096	0.694841
0.996585	0.800072
1.01649	0.744503
0.901579	0.84745
2.59218	1.06035
2.07104	0.877445
1.55934	1.40246
2.14409	0.805698
0.915827	1.01198
1.74045	0.979759
2.02489	1.43782
1.74223	1.46041
1.03177	1.38807
1.65521	1.64775
1.26321	1.68468
1.16506	1.51062
1.59876	1.69556
1.61638	1.47084
1.89177	1.537
1.68776	1.51081
1.06856	1.5238
1.24186	1.36095
2.09374	0.975455
1.72518	1.36288
1.29228	1.81983
1.3088	1.57815
2.31416	0.985829
1.0758	1.20424
1.0445	1.01461
1.24235	1.63996
1.71628	1.61941
1.8297	1.04016
2.38339	1.06757
1.00878	1.14363
2.20402	1.15518
1.35878	1.15423
1.80279	1.06798
0.972201	1.54678
2.34655	1.14125
2.23552	0.741262
1.37823	0.971527
1.74946	1.58441
1.57772	1.39378
1.79358	0.918789
1.11538	0.615157
1.48429	1.30186
1.4552	1.24168
1.79177	1.27948
1.98075	1.11728
2.25749	1.02582
2.18068	1.10921
1.77882	1.643
1.0463	0.75834
1.51651	1.38202
1.37902	1.30774
1.53073	1.47307
2.34507	0.949671
1.09369	0.905531
1.66734	1.67717
1.50456	1.01846
0.920903	1.01033
1.72679	1.08301
1.08905	1.25085
1.32009	1.55438
1.0232	0.719157
1.38483	1.5473
1.76126	1.12007
1.3288	1.51559
0.97442	1.05656
1.31062	1.33797
2.00269	0.8974
1.31324	0.896518
1.05689	1.31335
1.35512	1.37909
2.05392	1.16749
1.78528	0.955897
1.26264	1.57419
1.11504	0.827258
0.982068	1.18078
2.10465	1.04921
2.00793	1.30024
1.86531	0.922525
1.1254	0.998391
1.08705	0.698952
1.45625	1.54704
0.78136	1.1505
1.1701	1.05854
0.986308	0.555226
0.958771	1.32264
0.954627	1.69328
1.73665	1.90229
1.74048	1.70711
2.34476	0.878924
1.25216	1.8127
1.4045	1.33457
2.17535	1.16205
1.38273	0.972756
1.5593	1.52713
2.08454	1.14058
0.909637	0.713596
2.16413	1.05084
1.89183	1.08785
2.06589	0.782612
2.0511	0.962911
1.07265	1.05179
1.89125	1.15941
0.962837	1.0765
1.53548	1.25149
1.49348	1.03297
1.80836	1.57765
1.59811	1.50245
0.938358	0.983857
1.00642	1.45539
1.49941	0.95551
1.02723	1.21529
1.8251	1.47719
1.35816	1.79528
1.08344	1.02944
0.92937	1.16162
1.30448	1.45058
1.51657	1.58842
1.03611	0.985243
1.3112	1.87848
1.80021	0.943592
1.07165	0.507318
1.60156	1.49806
1.02741	1.08084
1.03701	1.25593
1.91797	0.910738
2.07663	1.10518
2.04084	0.92163
1.30032	1.70212
1.5001	1.48342
1.56151	1.29484
1.82934	0.986455
1.68824	0.992001
1.0114	1.10066
2.12767	0.898592
1.20607	0.38623
1.52608	1.31381
0.964948	1.20272
1.10382	0.92431
0.933178	1.12851
1.09049	1.12818
1.79529	0.919898
0.932131	1.09016
1.16316	1.05701
1.68259	1.18923
1.88408	1.07016
1.97404	0.907829
1.46973	1.23967
1.78135	1.56105
1.74882	1.53798
1.601	0.91957
2.49895	0.896887
1.39293	1.36787
1.49714	1.39471
1.59786	1.49703
1.33876	1.65655
1.71228	1.31379
2.15042	1.06496
0.950363	1.01409
1.21251	1.68756
1.60601	1.71586
2.42668	1.13891
1.46779	1.82276
2.47058	0.922147
1.78715	1.03037
1.04361	1.33737
1.48091	1.74959
0.999218	1.43295
2.02284	0.852662
1.83159	1.46931
1.48917	1.43409
0.952419	1.20624
1.19777	0.634028
0.970705	1.36385
1.44139	1.60635
1.21931	1.11369
1.59805	1.05212
1.00479	1.10713
1.04227	1.26854
2.11104	1.03294
0.938219	0.660617
1.89307	1.05073
1.32625	1.50256
0.833144	1.10023
0.949468	0.935295
0.859698	0.921612
1.9472	0.91784
0.857411	0.752806
1.69804	1.44487
1.0958	1.03557
1.85275	1.42841
1.49786	0.827216
2.24128	0.982094
2.50929	0.873462
1.08596	1.2157
1.31245	1.4418
1.78624	0.935682
1.81568	0.889678
1.55017	1.23182
0.888729	1.03162
2.1013	1.16983
1.73073	1.55884
1.19607	1.47098
1.71215	2.32851
1.36867	1.47485
1.95944	1.14286
0.976811	1.0078
2.18725	1.17457
1.24061	1.16979
2.09265	0.848922
1.0317	1.32097
1.79504	1.01387
1.33808	1.75218
1.3174	1.83052
1.09472	1.28754
1.59856	1.52547
1.59926	1.2342
1.49791	1.59183
0.864478	0.982708
1.56874	1.94188
1.63696	1.55097
1.58581	1.3411
2.22101	0.978677
1.11934	1.53547
1.72033	1.34206
0.987803	0.814629
1.3523	0.971911
2.69381	0.915311
2.39419	1.12321
2.3135	0.98042
2.33995	1.02196
1.51018	1.10651
1.09654	1.06024
1.94515	0.891413
1.22657	1.65388
1.01401	0.703258
1.92736	1.07234
0.835441	1.1518
2.38682	0.945183
1.6435	0.992231
2.10328	0.901345
1.93107	0.932653
0.845152	0.701443
1.37143	1.48272
0.919408	1.30669
1.09467	1.5357
0.942954	1.13312
1.74162	1.53335
1.95959	1.06452
0.744523	0.779227
0.95602	1.5535
1.88446	1.49164
1.10102	1.13536
0.917897	0.69868
0.949288	1.40662
1.51309	1.92072
1.38614	1.67077
0.935631	0.910666
2.36487	0.914864
2.32658	0.983055
1.44763	1.27086
1.80487	1.05035
1.05923	0.944629
1.10696	0.694108
1.34365	1.59218
1.47749	1.65892
0.937242	0.616478
1.56575	1.59581
1.03522	0.70812
1.09312	0.801774
1.00295	0.886426
2.16266	1.06391
1.11408	0.551409
1.71514	0.817435
1.26099	0.982308
0.998444	0.969732
1.00765	0.951873
0.942559	1.37935
1.75404	1.24676
0.947624	1.3069
1.6683	1.41652
1.03593	1.06868
1.64174	1.31325
1.39463	1.67959
1.55216	1.41813
2.40819	0.885991
1.57941	1.43349
1.07741	1.38868
1.03893	0.665863
1.95211	1.02642
1.55331	1.45212
1.47446	1.48428
1.91441	0.97264
0.899875	0.82803
1.29556	1.47813
1.14717	0.269119
1.38803	1.2627
1.06644	1.15364
1.82735	1.06923
1.19732	1.59935
1.35639	1.59948
0.973867	1.03034
1.55744	1.36997
1.07951	0.610764
1.89244	0.806273
1.40205	0.79946
1.77189	1.28131
1.00376	1.40543
0.971642	0.928083
2.4274	0.863622
1.64272	1.38534
1.00721	0.94688
0.753985	1.15364
1.54612	1.31304
2.91062	0.904164
1.74688	1.06171
1.67336	0.969898
1.45365	1.66344
0.934301	0.788662
1.08832	1.13245
2.18352	0.962597
2.31186	0.971845
1.84495	1.16638
2.32167	1.05949
0.971112	1.24261
1.32535	1.14716
1.8254	1.61547
0.897499	1.30369
1.65873	1.04644
0.934242	0.882203
1.79624	1.41863
1.69812	0.964616
1.84383	1.03263
1.69099	1.57741
1.70136	1.34893
1.01455	0.876148
1.52421	1.76003
1.10242	1.35291
0.97731	0.843407
1.769	1.91763
1.74533	1.70677
1.80454	0.782729
1.01711	1.46874
1.7771	1.22849
1.91247	1.5083
0.98807	1.43446
1.54888	1.30671
1.45626	1.11453
1.94599	1.79847
1.68403	1.83317
1.48254	1.05988
1.60045	1.61185
1.00169	1.0696
1.00578	0.804422
1.01981	1.27839
1.72152	1.04697
1.06406	0.75855
1.99601	1.00979
1.87571	1.02551
1.53598	1.07303
0.977289	1.01662
0.902	0.823597
1.72271	1.01291
1.04466	0.714683
2.10608	0.973971
1.34569	1.77027
1.13148	0.259507
0.883547	0.994892
1.74417	1.04408
1.63618	1.66977
1.06306	1.03794
1.75238	0.901352
1.10248	1.69874
0.745397	0.734775
1.68392	1.67095
1.57114	1.0817
0.933477	1.08973
1.91265	0.841525
1.67529	1.62603
1.77559	1.01369
1.05762	1.19549
1.20942	1.32677
0.891539	0.812667
1.35416	1.488
2.05221	1.22976
1.2899	1.26521
1.82143	1.34187
1.39315	1.31347
1.8865	1.51601
1.59724	1.34289
1.58445	1.83312
1.30054	1.29479
1.10055	1.0789
1.10951	1.21149
0.912605	1.49894
1.90303	0.89811
1.37468	1.61034
2.32775	1.15115
1.78954	1.03356
1.72804	1.39776
2.43931	0.985643
1.42858	1.76293
2.01454	0.999866
1.32602	1.65687
1.95752	0.743096
2.20376	1.11134
1.35188	1.46182
1.94104	1.2358
0.838811	1.14246
1.48204	1.33014
0.958679	1.1269
0.759872	1.38708
1.21556	1.0493
1.85496	0.968111
2.33899	1.13254
2.10455	0.871673
2.44089	1.00881
1.37191	1.69166
1.19871	0.886552
0.936531	0.99445
1.74184	0.953203
1.04775	1.21592
1.71415	1.10636
2.27136	0.897771
1.37081	1.81009
2.13199	1.04776
1.59783	1.10451
1.36742	1.23865
0.9309	0.668542
0.975287	1.07003
1.05314	0.964624
0.875042	1.01446
1.43318	1.46031
1.07157	0.883027
0.9859	0.4453
2.01204	0.750917
1.63509	1.53587
0.927027	1.28847
1.01122	0.850763
1.1769	1.51443
0.982944	1.32461
1.36509	1.24827
2.35235	1.15373
2.13736	1.01916
1.45177	1.57657
2.06504	0.861599
1.72063	1.56561
0.904437	0.689472
2.06656	1.05027
1.80301	1.15117
1.41632	1.66496
1.60559	1.61499
2.4659	1.01178
0.909889	1.39518
0.991627	1.00771
1.75771	1.79918
1.83708	1.06428
0.91968	0.566584
1.59334	1.71431
2.04962	0.850637
0.967702	0.653818
1.59595	0.926739
2.3375	0.771659
1.37396	1.3993
1.43354	1.37533
1.70868	1.32176
0.98531	1.34735
1.94065	1.34665
0.989198	1.04282
2.21337	0.867061
1.70309	1.37707
1.05904	1.04518
1.62882	1.42019
2.07826	0.866484
2.27805	0.970734
1.07644	0.746896
2.43988	1.02683
0.851008	1.079
2.07989	1.15878
1.12478	0.92589
2.23849	1.14544
1.13155	1.38018
1.83463	1.09755
2.25671	0.94278
1.90478	0.825566
1.41319	1.26194
0.917416	0.791191
0.880457	1.23472
1.50034	1.89164
0.791472	0.690553
1.35864	1.52211
1.60437	1.56383
1.94644	1.00118
1.87402	1.7322
0.913534	0.611439
2.37559	0.94171
1.0795	0.949339
1.60594	1.62181
1.78934	1.07041
1.39228	1.89535
1.59638	1.17923
1.61884	1.66486
2.16313	1.04067
1.94312	1.07832
1.95713	1.09078
1.53703	0.96819
1.32707	1.57392
2.23747	1.01913
1.00504	1.37002
1.56527	1.39992
0.983109	0.851705
1.68384	1.33222
1.73137	1.78834
2.34719	1.06206
1.04557	1.18115
1.14041	1.54856
2.23983	1.00896
1.15904	0.929669
0.840348	1.02975
1.16607	0.873498
1.45489	1.74013
2.43211	0.828595
1.60386	1.68719
1.76931	1.05859
1.20374	1.18373
1.34617	0.989115
2.33619	0.90474
2.22396	1.00332
1.09917	0.828833
1.50078	1.23282
1.51336	1.53444
1.59583	1.55895
1.06939	1.2409
1.34399	1.91552
1.12433	1.26298
1.60159	1.0099
0.793968	0.964517
1.71951	0.816974
0.892258	1.86099
1.72979	1.25619
1.73122	1.5782
0.98107	0.937189
1.45506	1.83815
1.00044	1.06556
1.08772	0.563
1.03343	1.10046
1.03801	0.693516
1.91659	0.954639
1.76051	1.53016
0.899687	0.685115
1.89053	0.967261
1.13329	1.12056
1.95034	1.23213
1.16394	1.17869
1.0799	1.5582
0.905704	0.983477
1.25185	1.31418
1.49504	1.91475
0.935797	1.06657
1.94148	1.09351
1.46279	1.5509
1.77678	1.35041
2.1606	0.918814
1.01375	1.06902
1.00364	0.80847
0.999906	0.790557
1.09074	1.25492
0.963911	1.1098
1.6195	0.885362
1.3974	1.38937
2.30872	0.945169
1.46013	1.72939
0.89384	0.775314
2.24865	0.890433
1.91467	0.916241
1.50982	1.64192
1.4003	1.0493
0.844739	1.24728
1.19583	1.57613
1.92974	0.892229
1.03802	0.306853
1.90926	1.50198
2.53547	1.04387
0.87878	1.13065
0.932282	0.533422
1.26592	1.43002
2.28966	1.10159
1.94522	1.14539
0.950919	1.19368
2.36482	0.956914
0.903956	1.09015
1.05445	1.65876
0.805273	0.785243
1.40976	1.50827
0.957104	0.733273
2.23552	1.00603
1.32358	1.47069
0.946138	1.20287
1.54358	1.75257
1.57554	1.63652
1.05523	0.951636
1.03285	1.45737
1.0844	1.26311
1.12598	1.40991
1.1651	0.655355
1.54275	1.37329
1.08093	1.1584
1.9427	1.0526
2.06013	0.752262
1.58538	1.41138
1.49979	1.60533
1.10107	1.28269
2.53996	0.892128
1.45017	1.52553
1.85893	1.54886
1.50732	1.48791
1.6395	1.56413
2.27681	1.03965
0.792678	0.867302
1.20019	1.40705
